[
	66177,
	61375,
	65328,
	68741,
	68831,
	66651,
	67567,
	67121,
	67890,
	71845,
	63677,
	67836,
	62924,
	67106,
	63777,
	71100,
	67871,
	65035,
	62851,
	67508,
	68458,
	67837,
	62682,
	65296,
	62647,
	73012,
	64355,
	68905,
	61634,
	63368,
	69126,
	67054,
	66997,
	68142,
	65073,
	74861,
	66897,
	74712,
	74817,
	74113,
	62985,
	68825,
	69526,
	67152,
	70041,
	60004,
	60017,
	60019,
	60020,
	60077,
	60110,
	60295,
	60377,
	61181,
	61259,
	61524,
	61698,
	62225,
	62300,
	62564,
	62369,
	61178,
	61026,
	62407,
	61924,
	61141,
	61230,
	61857,
	61079,
	62596,
	62166,
	61315,
	61918,
	61318,
	61255,
	61641,
	61644,
	61875,
	62378,
	62597,
	62301,
	62381,
	61810,
	61544,
	61173,
	62182,
	62016,
	62163,
	61722,
	62497,
	61214,
	61827,
	61456,
	62670,
	62069,
	61727,
	62184,
	62050,
	61013,
	62044,
	62240,
	61344,
	62417,
	62204,
	61487,
	62466,
	62038,
	61371,
	61558,
	62425,
	61254,
	61594,
	61949,
	61197,
	61229,
	61882,
	61128,
	61494,
	61701,
	61384,
	61819,
	62141,
	61183,
	61969,
	62639,
	61624,
	62028,
	61083,
	61931,
	61213,
	61448,
	61398,
	62281,
	61209,
	61470,
	61051,
	61322,
	62037,
	61475,
	61785,
	61145,
	61790,
	61823,
	62117,
	61304,
	61453,
	62618,
	62161,
	61781,
	61683,
	62266,
	61516,
	61942,
	61107,
	62549,
	62655,
	62379,
	61180,
	61562,
	61915,
	61445,
	61109,
	61364,
	61253,
	61362,
	61406,
	61352,
	61399,
	61497,
	62047,
	61241,
	61401,
	62133,
	61671,
	61358,
	62601,
	61319,
	61042,
	62156,
	61550,
	61161,
	62258,
	61703,
	62512,
	61133,
	62640,
	61003,
	61266,
	62529,
	62488,
	61272,
	62435,
	62494,
	62568,
	61508,
	61724,
	61658,
	62082,
	62656,
	62646,
	61946,
	62622,
	61837,
	61543,
	62212,
	61276,
	61702,
	61443,
	62064,
	62295,
	61686,
	62277,
	62177,
	61831,
	61394,
	61388,
	61602,
	61849,
	61867,
	61028,
	61312,
	62129,
	61402,
	61478,
	62491,
	62030,
	61501,
	61054,
	61688,
	62356,
	67343,
	64724,
	72560,
	65970,
	75769,
	78321,
	71534,
	63339,
	64343,
	71035,
	65122,
	66259,
	76770,
	63875,
	67137,
	75667,
	70835,
	78940,
	74558,
	63333,
	68482,
	62026,
	79835,
	61872,
	79297,
	61356,
	62036,
	66556,
	75451,
	63093,
	63727,
	61800,
	67019,
	71607,
	65314,
	64984,
	76246,
	63716,
	68751,
	69394,
	79295,
	61518,
	62291,
	63607,
	64027,
	65186,
	61890,
	64809,
	61279,
	76689,
	64741,
	68900,
	65943,
	61499,
	63327,
	65100,
	62813,
	75579,
	64949,
	65941,
	61983,
	67263,
	62744,
	63062,
	74158,
	66931,
	78578,
	72620,
	66318,
	67410,
	65339,
	64624,
	62847,
	66032,
	66520,
	62088,
	67809,
	68438,
	67177,
	75567,
	66650,
	65851,
	61864,
	79171,
	65881,
	65117,
	67674,
	61598,
	77701,
	61372,
	61525,
	67078,
	62563,
	68060,
	75419,
	69228,
	61460,
	69307,
	61756,
	66904,
	75681,
	62108,
	64937,
	66635,
	61277,
	79195,
	63039,
	68981,
	61440,
	61454,
	61085,
	62031,
	61571,
	62285,
	61390,
	61030,
	61373,
	62556,
	62136,
	61055,
	61419,
	62459,
	61748,
	61274,
	62430,
	62326,
	62071,
	61416,
	62561,
	62143,
	61386,
	62399,
	62604,
	61715,
	61939,
	62185,
	61282,
	61376,
	61240,
	61534,
	62342,
	62283,
	61035,
	62012,
	62364,
	62432,
	61855,
	62609,
	61361,
	61765,
	61958,
	62327,
	61526,
	61570,
	61693,
	62261,
	61878,
	62347,
	61258,
	61754,
	61937,
	61103,
	62025,
	61096,
	61153,
	62120,
	61812,
	61681,
	62361,
	62322,
	61976,
	61428,
	61435,
	61923,
	61645,
	61870,
	62158,
	61343,
	62262,
	62353,
	61199,
	61187,
	62181,
	62335,
	61283,
	62046,
	61750,
	61564,
	62389,
	62318,
	62560,
	61057,
	62453,
	61037,
	62631,
	61529,
	62463,
	62595,
	61059,
	61656,
	61901,
	61846,
	62270,
	61697,
	62221,
	61731,
	62202,
	61505,
	61313,
	61585,
	61988,
	62211,
	62629,
	62418,
	62268,
	61105,
	62505,
	62336,
	61542,
	61452,
	61027,
	61587,
	62352,
	61700,
	61205,
	62316,
	62007,
	62011,
	62410,
	61841,
	61437,
	62070,
	61834,
	62099,
	62661,
	61579,
	61486,
	62613,
	62103,
	61893,
	61743,
	61926,
	61945,
	61249,
	62464,
	61982,
	62589,
	61994,
	61749,
	61338,
	61610,
	62319,
	61427,
	62310,
	62252,
	61828,
	61842,
	62193,
	62533,
	61438,
	61745,
	61335,
	62522,
	61211,
	61531,
	62227,
	61081,
	62192,
	61106,
	61614,
	61413,
	61262,
	61853,
	61690,
	61327,
	61118,
	61293,
	61997,
	62157,
	61636,
	62286,
	62307,
	61154,
	61110,
	62186,
	61802,
	61591,
	61708,
	61631,
	62049,
	61609,
	61906,
	62179,
	61433,
	61174,
	62130,
	61136,
	61333,
	61963,
	62147,
	62562,
	62480,
	61417,
	61012,
	62424,
	62554,
	61271,
	61795,
	61670,
	61680,
	62160,
	61126,
	62402,
	62190,
	61751,
	61292,
	62139,
	61091,
	61305,
	61348,
	62086,
	61104,
	61072,
	61649,
	61729,
	62172,
	61611,
	61813,
	62248,
	61049,
	62110,
	62632,
	62447,
	62299,
	61210,
	61513,
	62460,
	62334,
	61989,
	62201,
	61270,
	61908,
	61061,
	61463,
	62441,
	62668,
	61441,
	61895,
	62449,
	62081,
	62485,
	61655,
	61087,
	62171,
	61728,
	61659,
	62475,
	61517,
	62539,
	61661,
	62357,
	61761,
	61652,
	62510,
	62358,
	62101,
	62415,
	62438,
	61838,
	61576,
	61934,
	62331,
	61726,
	61929,
	61512,
	61159,
	61771,
	61157,
	62298,
	61642,
	61992,
	62150,
	62339,
	61355,
	61409,
	61669,
	62043,
	62207,
	61606,
	61069,
	61896,
	61050,
	61127,
	61221,
	62446,
	61783,
	61996,
	61239,
	61264,
	61367,
	62461,
	61950,
	61974,
	62391,
	61953,
	61403,
	61330,
	61193,
	62340,
	61164,
	61930,
	62244,
	61078,
	61357,
	62075,
	61002,
	62123,
	61912,
	62303,
	61260,
	62396,
	61527,
	62085,
	61612,
	62367,
	61324,
	61093,
	62313,
	61365,
	62183,
	61033,
	61024,
	61868,
	61482,
	62276,
	62135,
	62471,
	62210,
	61480,
	61839,
	61476,
	61714,
	61351,
	62308,
	61843,
	61347,
	61932,
	61936,
	61664,
	61880,
	61287,
	61345,
	61100,
	62431,
	61660,
	61799,
	62235,
	62148,
	61332,
	61863,
	61755,
	62145,
	61311,
	61897,
	61139,
	61466,
	61786,
	62222,
	61806,
	61219,
	61166,
	61672,
	61064,
	61086,
	61265,
	61374,
	62073,
	61053,
	62175,
	62115,
	62220,
	61577,
	61484,
	61022,
	61094,
	61991,
	62436,
	62476,
	61840,
	61449,
	61172,
	62337,
	62112,
	61446,
	61248,
	61244,
	61710,
	62236,
	61063,
	61163,
	61220,
	61682,
	61015,
	61350,
	61883,
	61580,
	61873,
	61695,
	62006,
	61071,
	62394,
	62272,
	61189,
	61898,
	62325,
	61833,
	62039,
	62052,
	61779,
	62263,
	62468,
	61108,
	61767,
	61073,
	61278,
	61429,
	61874,
	61032,
	61627,
	61206,
	61877,
	61575,
	61578,
	61325,
	61847,
	61662,
	61713,
	62005,
	61216,
	61957,
	62445,
	61151,
	61379,
	61506,
	62296,
	62178,
	61299,
	61170,
	61146,
	61545,
	61886,
	62209,
	61766,
	61155,
	62366,
	62422,
	61261,
	63427,
	63856,
	72292,
	67480,
	67987,
	71747,
	69322,
	64605,
	66880,
	62716,
	67657,
	67736,
	67264,
	67070,
	67515,
	64476,
	66380,
	65051,
	65672,
	64292,
	63891,
	72938,
	65961,
	64670,
	61472,
	63400,
	63137,
	65425,
	61490,
	66218,
	63199,
	66292,
	61798,
	71265,
	70112,
	62020,
	63485,
	61208,
	62825,
	65642,
	61832,
	69400,
	64456,
	67341,
	63821,
	73208,
	62450,
	67350,
	66174,
	69570,
	63467,
	69328,
	74729,
	64706,
	62033,
	68311,
	73499,
	64163,
	64691,
	67638,
	64751,
	62698,
	66054,
	65823,
	63621,
	64924,
	63645,
	62978,
	63421,
	74201,
	62153,
	64285,
	62908,
	67770,
	73708,
	62195,
	65587,
	64567,
	62344,
	63329,
	63016,
	62817,
	61140,
	62194,
	62887,
	61593,
	63312,
	61298,
	61620,
	62557,
	62935,
	62080,
	61530,
	61034,
	61573,
	63013,
	62853,
	63127,
	62836,
	63326,
	61736,
	63459,
	62651,
	61275,
	63290,
	61900,
	61247,
	61182,
	61891,
	62566,
	62841,
	61910,
	62592,
	63100,
	62572,
	61084,
	61144,
	63276,
	61408,
	62796,
	62523,
	62191,
	61336,
	63029,
	63081,
	62815,
	63592,
	67641,
	63567,
	69108,
	71078,
	64779,
	64413,
	67271,
	63482,
	61098,
	64784,
	62467,
	67750,
	70980,
	65600,
	62375,
	64057,
	67214,
	63662,
	65486,
	64725,
	64105,
	66680,
	65554,
	64348,
	71055,
	61021,
	66522,
	61289,
	61176,
	66646,
	68277,
	69388,
	70451,
	65268,
	69498,
	67630,
	65033,
	63558,
	63438,
	65552,
	66098,
	66528,
	63925,
	70696,
	61826,
	65713,
	64319,
	65237,
	62397,
	61447,
	67405,
	70212,
	62386,
	66883,
	68600,
	64582,
	67738,
	64000,
	66776,
	62423,
	63444,
	64612,
	63701,
	67029,
	68002,
	61657,
	68969,
	63553,
	64630,
	61679,
	67842,
	66729,
	68727,
	61589,
	66545,
	70102,
	61432,
	61290,
	61535,
	66263,
	61117,
	63613,
	68059,
	64562,
	63746,
	62377,
	69294,
	65333,
	67245,
	65427,
	63522,
	64674,
	68099,
	69180,
	68043,
	63262,
	69386,
	63476,
	68835,
	65144,
	68112,
	64707,
	63264,
	67658,
	66022,
	63712,
	61567,
	66821,
	63851,
	68525,
	67284,
	62943,
	65735,
	62871,
	69621,
	64194,
	70908,
	66601,
	63105,
	63151,
	63390,
	70658,
	67326,
	65553,
	63892,
	62241,
	65430,
	65370,
	69636,
	64942,
	64601,
	66237,
	66911,
	64214,
	65136,
	62898,
	61651,
	63454,
	64177,
	64814,
	67793,
	67972,
	62346,
	65685,
	70093,
	63284,
	62483,
	68326,
	68873,
	63704,
	68027,
	65493,
	63787,
	67014,
	66847,
	64950,
	66798,
	64815,
	70840,
	64993,
	65324,
	69725,
	65473,
	66986,
	64531,
	61228,
	68509,
	62274,
	65514,
	65756,
	62658,
	67751,
	69762,
	64132,
	65723,
	70197,
	63019,
	65415,
	70864,
	69916,
	63827,
	65690,
	62465,
	68710,
	65201,
	66178,
	68480,
	65398,
	65983,
	61130,
	66216,
	62259,
	65507,
	70557,
	70159,
	66503,
	62008,
	69428,
	63600,
	63846,
	64946,
	66090,
	63611,
	65394,
	66253,
	69211,
	64726,
	68740,
	65236,
	61378,
	63681,
	63633,
	63783,
	68621,
	61758,
	63425,
	64585,
	63529,
	65182,
	63179,
	65190,
	66981,
	66294,
	62317,
	64147,
	62899,
	64268,
	61948,
	69374,
	67903,
	64763,
	67951,
	70243,
	65832,
	65399,
	62521,
	69742,
	61684,
	64844,
	67470,
	62203,
	69229,
	63509,
	70401,
	61387,
	66077,
	67003,
	69642,
	63605,
	69750,
	70118,
	70985,
	61817,
	63064,
	67380,
	63795,
	62003,
	65509,
	66778,
	64064,
	71271,
	64339,
	68038,
	71303,
	68674,
	66425,
	68833,
	64488,
	68081,
	65274,
	61439,
	65704,
	62844,
	69289,
	63031,
	67609,
	65641,
	62863,
	64333,
	61329,
	62938,
	62573,
	64891,
	68415,
	70822,
	69720,
	63190,
	66666,
	64182,
	69735,
	65038,
	64615,
	69569,
	66617,
	63147,
	63515,
	62712,
	67957,
	66849,
	69447,
	66936,
	67045,
	63278,
	70936,
	67712,
	65573,
	64291,
	63376,
	63589,
	69132,
	61397,
	63163,
	64248,
	66984,
	62720,
	66656,
	63498,
	65581,
	68523,
	66005,
	67680,
	63513,
	63587,
	69269,
	64671,
	69348,
	66006,
	67401,
	70066,
	65350,
	66536,
	64917,
	66843,
	61811,
	63961,
	61752,
	65839,
	64575,
	70325,
	62482,
	67574,
	67509,
	68194,
	68811,
	64647,
	68519,
	68945,
	70724,
	64973,
	65091,
	64672,
	67527,
	61536,
	67390,
	64856,
	63528,
	65408,
	66444,
	63508,
	62713,
	61753,
	68386,
	63494,
	70489,
	68269,
	62811,
	70340,
	62083,
	65674,
	62707,
	67031,
	63505,
	65632,
	62362,
	66385,
	63574,
	68144,
	67827,
	70922,
	65046,
	65466,
	65643,
	65793,
	68260,
	68436,
	63341,
	65202,
	62810,
	65768,
	66288,
	67997,
	63659,
	64462,
	67720,
	66783,
	66841,
	61204,
	64684,
	63927,
	65555,
	70089,
	62558,
	64191,
	68651,
	63853,
	70810,
	66547,
	63680,
	61601,
	64211,
	62945,
	65185,
	66806,
	68894,
	65720,
	64800,
	64939,
	69730,
	63570,
	63074,
	66227,
	68284,
	62401,
	62559,
	66579,
	70310,
	61829,
	67220,
	65026,
	66127,
	67676,
	64735,
	61557,
	61547,
	62448,
	68159,
	61363,
	63316,
	67799,
	61080,
	64600,
	68056,
	64381,
	66207,
	70757,
	67293,
	63928,
	65195,
	64597,
	65782,
	64420,
	64819,
	66961,
	65757,
	68177,
	61461,
	63298,
	70422,
	66893,
	66727,
	64901,
	62517,
	67208,
	67138,
	64519,
	68379,
	64823,
	64015,
	63596,
	67114,
	65774,
	71045,
	65719,
	71410,
	71025,
	67753,
	67503,
	62406,
	64855,
	62883,
	70255,
	69550,
	63599,
	67617,
	62040,
	64981,
	67768,
	71365,
	68646,
	63705,
	67451,
	69314,
	63521,
	67710,
	65882,
	64623,
	62223,
	64908,
	65752,
	62624,
	63714,
	66538,
	63883,
	69080,
	66399,
	62065,
	68579,
	65764,
	64026,
	69430,
	64883,
	64669,
	65254,
	61306,
	64788,
	64255,
	67463,
	63294,
	62437,
	63142,
	66150,
	61803,
	66814,
	64961,
	67612,
	66808,
	67968,
	69640,
	64625,
	66345,
	65627,
	66539,
	61008,
	66590,
	63910,
	65593,
	67900,
	65570,
	61201,
	63364,
	65817,
	61639,
	62763,
	64091,
	62753,
	69461,
	64421,
	67802,
	64290,
	62545,
	66285,
	66504,
	64807,
	65542,
	69704,
	66073,
	65335,
	68301,
	70589,
	61088,
	71046,
	62671,
	63088,
	64396,
	63176,
	66051,
	62957,
	61599,
	66747,
	63966,
	68687,
	65047,
	61489,
	66334,
	62577,
	64909,
	67384,
	63722,
	62371,
	63797,
	69740,
	68582,
	67983,
	68315,
	67959,
	66915,
	66439,
	68173,
	64302,
	62840,
	66123,
	63993,
	65108,
	67061,
	69949,
	63465,
	65728,
	68809,
	63500,
	64759,
	63656,
	64286,
	62126,
	62292,
	63445,
	63424,
	63203,
	65828,
	64143,
	65886,
	65693,
	65623,
	61515,
	66327,
	64259,
	62989,
	66384,
	70625,
	64746,
	64572,
	63917,
	63845,
	71099,
	65301,
	64720,
	65223,
	63308,
	65544,
	63419,
	69167,
	69429,
	64649,
	66593,
	67113,
	67986,
	65727,
	70743,
	64235,
	65637,
	63462,
	64232,
	62019,
	67526,
	66366,
	68445,
	66069,
	62857,
	61966,
	70578,
	64112,
	63969,
	65773,
	69098,
	68161,
	64983,
	67352,
	61207,
	62571,
	62740,
	65813,
	63668,
	67569,
	63751,
	70104,
	65707,
	66072,
	69101,
	68223,
	65524,
	62113,
	69097,
	63721,
	68581,
	61699,
	63370,
	66534,
	63156,
	69324,
	63708,
	66615,
	65475,
	66562,
	65923,
	62620,
	65247,
	67792,
	63380,
	62636,
	68052,
	71022,
	64122,
	62511,
	64953,
	68324,
	63906,
	68877,
	62980,
	65615,
	71259,
	63322,
	66142,
	65406,
	61784,
	62821,
	62530,
	68431,
	61607,
	62354,
	68211,
	65743,
	62931,
	67594,
	65892,
	67816,
	64898,
	63903,
	72386,
	69806,
	67301,
	62582,
	63317,
	74783,
	71930,
	67780,
	68645,
	70456,
	68757,
	68450,
	63325,
	64675,
	62151,
	72798,
	68641,
	66412,
	64841,
	67068,
	63449,
	63537,
	69698,
	65234,
	61674,
	74735,
	67312,
	63763,
	65969,
	61836,
	66060,
	63297,
	72788,
	65171,
	68119,
	67788,
	66944,
	73372,
	66242,
	66431,
	68985,
	68377,
	65590,
	65083,
	63987,
	66830,
	62681,
	61194,
	73850,
	62213,
	67200,
	61296,
	66195,
	61689,
	64025,
	66100,
	63898,
	64021,
	69665,
	63874,
	70946,
	72849,
	64173,
	61418,
	62697,
	61977,
	66359,
	69277,
	66484,
	63941,
	62271,
	67725,
	64002,
	68048,
	67464,
	63191,
	63694,
	74270,
	64845,
	65669,
	63248,
	62479,
	66741,
	66087,
	64584,
	65013,
	68817,
	71659,
	72123,
	65971,
	61667,
	66564,
	65860,
	63258,
	62131,
	65667,
	61089,
	64840,
	61468,
	66186,
	67222,
	63664,
	70398,
	61226,
	65997,
	69021,
	62995,
	68185,
	73038,
	71094,
	67207,
	73770,
	73636,
	65086,
	67596,
	63287,
	74142,
	68698,
	64464,
	69004,
	63345,
	68604,
	67528,
	63009,
	74267,
	72228,
	65250,
	67102,
	66956,
	66379,
	67296,
	61884,
	65878,
	66726,
	65158,
	68201,
	64016,
	65651,
	62718,
	62218,
	61678,
	63041,
	69507,
	62059,
	72817,
	66953,
	71479,
	68401,
	66344,
	66352,
	69514,
	63909,
	70049,
	65541,
	65497,
	67126,
	65464,
	65104,
	66325,
	66376,
	63215,
	68350,
	65315,
	64926,
	63369,
	68779,
	64422,
	63632,
	62833,
	65207,
	62607,
	65670,
	69257,
	63056,
	63314,
	64065,
	61554,
	64052,
	66192,
	65346,
	61316,
	64947,
	66432,
	65657,
	63901,
	67009,
	64505,
	69963,
	65410,
	64498,
	63935,
	65578,
	64241,
	64474,
	71083,
	67729,
	66346,
	62411,
	68725,
	64617,
	67101,
	62014,
	66137,
	70476,
	66067,
	65665,
	65791,
	65312,
	64907,
	67436,
	63822,
	68047,
	63854,
	66377,
	63675,
	69485,
	65189,
	69659,
	66289,
	65721,
	65373,
	64850,
	63948,
	63946,
	63958,
	63639,
	66064,
	62387,
	69169,
	71485,
	67289,
	64266,
	66002,
	69419,
	69086,
	67423,
	65351,
	62637,
	69170,
	62717,
	68190,
	61233,
	64860,
	66577,
	62907,
	63098,
	66607,
	68187,
	64270,
	63571,
	64123,
	68262,
	65741,
	70763,
	63581,
	66686,
	63696,
	67260,
	64881,
	64261,
	65433,
	68588,
	68942,
	66553,
	63249,
	63679,
	61555,
	68118,
	62473,
	61286,
	69555,
	67678,
	69542,
	63695,
	66370,
	64411,
	61122,
	66228,
	65137,
	63971,
	63612,
	65575,
	64279,
	70026,
	65300,
	65183,
	67118,
	61791,
	64873,
	65028,
	67820,
	71444,
	66526,
	65304,
	67525,
	66555,
	63749,
	64613,
	67969,
	63414,
	69791,
	67065,
	63556,
	65084,
	66820,
	69509,
	64101,
	65777,
	65510,
	61062,
	66356,
	66044,
	68549,
	70758,
	66957,
	64352,
	64693,
	67580,
	67036,
	65873,
	66489,
	63387,
	65671,
	68924,
	65071,
	65982,
	68309,
	63117,
	69538,
	68217,
	68475,
	64631,
	65683,
	67881,
	70347,
	66846,
	65191,
	65277,
	69401,
	65784,
	61502,
	68137,
	64251,
	64024,
	62830,
	66533,
	70508,
	61707,
	65294,
	63067,
	67146,
	70681,
	67640,
	63772,
	62848,
	65298,
	64999,
	62525,
	63138,
	64750,
	68312,
	64221,
	64496,
	61640,
	66017,
	62708,
	63791,
	67967,
	63017,
	66251,
	63601,
	72277,
	68660,
	66949,
	64481,
	64299,
	65170,
	67159,
	69007,
	69161,
	66155,
	74414,
	65206,
	72858,
	70342,
	66634,
	63296,
	64480,
	62000,
	71350,
	68483,
	64139,
	62664,
	65780,
	63437,
	65519,
	68239,
	62280,
	69155,
	70001,
	67783,
	68152,
	62746,
	70888,
	70300,
	62383,
	68767,
	63417,
	65248,
	61132,
	72618,
	71822,
	62567,
	65954,
	63263,
	67181,
	67782,
	65564,
	66013,
	64797,
	64878,
	66720,
	64651,
	63403,
	66724,
	63735,
	63464,
	62973,
	72539,
	62311,
	63149,
	67408,
	68903,
	68011,
	65308,
	61920,
	63840,
	69800,
	61340,
	63068,
	70692,
	65356,
	69728,
	67030,
	66252,
	67478,
	65228,
	71979,
	69246,
	62933,
	65368,
	72758,
	64212,
	65696,
	74961,
	64130,
	65004,
	74248,
	62398,
	63899,
	62098,
	62968,
	66026,
	63864,
	63734,
	65417,
	64988,
	72176,
	65414,
	63563,
	69311,
	64887,
	70357,
	65264,
	71443,
	64497,
	66483,
	65384,
	67797,
	62880,
	70313,
	69632,
	63895,
	68461,
	66513,
	64689,
	62767,
	69109,
	67664,
	66104,
	62807,
	65838,
	70038,
	63450,
	62638,
	68772,
	65918,
	64829,
	68237,
	65831,
	62816,
	67671,
	73025,
	63201,
	65995,
	61793,
	64377,
	63366,
	64228,
	73745,
	73801,
	64535,
	66934,
	61302,
	68307,
	64661,
	67851,
	69903,
	62551,
	61787,
	66705,
	67473,
	62679,
	70364,
	66597,
	64345,
	68583,
	66398,
	69104,
	70735,
	66736,
	64732,
	63786,
	62865,
	62690,
	70563,
	69920,
	62060,
	65521,
	66114,
	70012,
	63051,
	70858,
	65976,
	71811,
	66672,
	65617,
	64045,
	72485,
	61156,
	62419,
	68919,
	63036,
	70344,
	64513,
	69510,
	73539,
	67947,
	74082,
	63887,
	65020,
	62154,
	61673,
	62721,
	65543,
	63338,
	62443,
	62625,
	63886,
	71283,
	63890,
	69465,
	65159,
	70618,
	65550,
	66335,
	68991,
	63962,
	65096,
	65278,
	68199,
	65871,
	63260,
	61165,
	64229,
	68914,
	62776,
	66480,
	65687,
	67109,
	62902,
	65401,
	63214,
	61538,
	63148,
	67578,
	66734,
	65833,
	71091,
	66457,
	63692,
	61814,
	63842,
	63759,
	65915,
	64510,
	63527,
	71016,
	64628,
	62831,
	63762,
	66980,
	65972,
	67655,
	68389,
	61685,
	62576,
	66614,
	66234,
	68514,
	64083,
	61076,
	64755,
	64897,
	64508,
	69411,
	63830,
	66459,
	65501,
	65244,
	65877,
	71459,
	61469,
	61984,
	68791,
	63922,
	66982,
	63583,
	65323,
	61346,
	71027,
	64764,
	67831,
	63033,
	63451,
	66224,
	63610,
	65875,
	62142,
	67162,
	61993,
	67994,
	64899,
	69477,
	61326,
	63342,
	61626,
	65766,
	64564,
	64504,
	63984,
	68799,
	63086,
	66308,
	62927,
	63309,
	70837,
	70365,
	65715,
	62616,
	68626,
	64765,
	63225,
	68191,
	66946,
	64409,
	64114,
	66126,
	65563,
	67269,
	63222,
	66642,
	64708,
	63273,
	61263,
	65834,
	67897,
	64837,
	64506,
	65854,
	61938,
	67934,
	62765,
	61643,
	61712,
	67142,
	66246,
	68250,
	65921,
	65287,
	63938,
	63440,
	66742,
	65977,
	63021,
	66624,
	64687,
	64816,
	64033,
	64310,
	64295,
	69842,
	70608,
	67759,
	63523,
	66869,
	61851,
	69476,
	67360,
	65056,
	71030,
	69880,
	63433,
	63217,
	68978,
	63209,
	64140,
	64288,
	63626,
	66179,
	64663,
	69534,
	70654,
	64676,
	65041,
	61504,
	70806,
	62074,
	67496,
	69666,
	61023,
	64209,
	61090,
	64867,
	64449,
	64777,
	65885,
	66159,
	61663,
	69697,
	65098,
	65695,
	66020,
	69551,
	67861,
	63336,
	64219,
	65953,
	65134,
	65444,
	64739,
	64972,
	69081,
	66386,
	68344,
	67581,
	62257,
	62793,
	63661,
	66530,
	63646,
	64536,
	70025,
	64370,
	63717,
	65123,
	68747,
	62999,
	62306,
	63096,
	68408,
	69449,
	67149,
	63691,
	67283,
	64049,
	62734,
	62279,
	61619,
	61625,
	65389,
	63295,
	62757,
	62090,
	61971,
	62128,
	62373,
	68818,
	64047,
	66343,
	65478,
	64461,
	64893,
	67333,
	68218,
	62726,
	61772,
	65193,
	66268,
	65607,
	62575,
	71085,
	65442,
	68330,
	70666,
	64206,
	68851,
	62535,
	63430,
	63078,
	65979,
	67565,
	62966,
	70079,
	61202,
	66317,
	67382,
	64096,
	69359,
	67157,
	69244,
	63524,
	63220,
	66842,
	61014,
	63054,
	65217,
	63461,
	63300,
	67511,
	71940,
	61198,
	67834,
	68664,
	62570,
	63106,
	66249,
	68224,
	66702,
	63409,
	68433,
	61114,
	73505,
	66894,
	61310,
	63344,
	74187,
	61414,
	62921,
	63672,
	61047,
	63876,
	68872,
	66777,
	65407,
	66161,
	64987,
	63582,
	67324,
	64404,
	66952,
	65968,
	64222,
	61321,
	64757,
	63670,
	64337,
	73628,
	65196,
	68654,
	65127,
	71061,
	65546,
	64918,
	65227,
	73961,
	64099,
	70282,
	63014,
	65259,
	62610,
	62063,
	64137,
	63432,
	65633,
	61618,
	67620,
	62735,
	67595,
	74338,
	67613,
	71582,
	64242,
	69280,
	65176,
	68375,
	61009,
	68694,
	68116,
	72265,
	66822,
	72808,
	62434,
	65601,
	64487,
	66441,
	63060,
	61149,
	66365,
	70077,
	67096,
	66059,
	62915,
	68253,
	63848,
	68335,
	74195,
	64073,
	64340,
	63168,
	61768,
	69864,
	65876,
	62253,
	73427,
	63867,
	67028,
	66364,
	67649,
	66665,
	69346,
	67944,
	70148,
	74757,
	61442,
	61769,
	63642,
	68388,
	64349,
	71810,
	68490,
	64665,
	63525,
	65513,
	71499,
	66728,
	62087,
	68409,
	69533,
	66692,
	65289,
	64224,
	68031,
	71190,
	73230,
	67651,
	63950,
	67295,
	68179,
	68553,
	68805,
	64900,
	65594,
	63486,
	70495,
	73042,
	72167,
	62862,
	63216,
	71946,
	61391,
	61060,
	65297,
	62478,
	64546,
	65387,
	67623,
	64004,
	61111,
	69761,
	65181,
	68784,
	71163,
	65579,
	64934,
	65802,
	69900,
	66035,
	69336,
	61152,
	68378,
	69905,
	68899,
	70399,
	63651,
	65545,
	74456,
	61687,
	61981,
	67223,
	67853,
	69111,
	61116,
	63688,
	73846,
	67709,
	61455,
	68132,
	61522,
	65835,
	68597,
	63227,
	64979,
	68863,
	65662,
	72334,
	72628,
	62704,
	63091,
	68733,
	72231,
	66180,
	72183,
	64189,
	74128,
	65840,
	73428,
	62660,
	65054,
	63771,
	72643,
	61998,
	61317,
	74656,
	67566,
	65132,
	70245,
	70876,
	63757,
	68236,
	67248,
	67921,
	61588,
	69807,
	61739,
	67097,
	63133,
	62264,
	66917,
	63550,
	61491,
	67487,
	62663,
	71348,
	66422,
	63873,
	68534,
	64574,
	66143,
	64514,
	69146,
	63404,
	61859,
	63811,
	61029,
	65515,
	62992,
	66743,
	64798,
	62676,
	66845,
	61975,
	64213,
	62962,
	69488,
	64729,
	67794,
	66164,
	67588,
	61043,
	64780,
	66434,
	70157,
	62849,
	63412,
	70496,
	63753,
	67560,
	62061,
	66206,
	61474,
	69425,
	68016,
	68587,
	70789,
	70899,
	64812,
	63959,
	61138,
	61582,
	69006,
	65413,
	63739,
	64300,
	64753,
	66684,
	62493,
	64367,
	68387,
	64783,
	66516,
	63798,
	63568,
	63526,
	63277,
	64149,
	67378,
	64368,
	70032,
	70060,
	62827,
	67653,
	66499,
	67128,
	68564,
	65738,
	65381,
	65003,
	65512,
	65219,
	63860,
	69688,
	64106,
	69516,
	64653,
	64066,
	63990,
	64859,
	64868,
	65758,
	63557,
	62842,
	66834,
	67252,
	64458,
	65318,
	67304,
	65620,
	63551,
	65305,
	63499,
	63162,
	63497,
	64154,
	69839,
	64509,
	61479,
	63573,
	68356,
	66033,
	62693,
	64920,
	65115,
	66450,
	66789,
	63171,
	63912,
	67069,
	64354,
	71105,
	61866,
	64833,
	65281,
	62372,
	64193,
	63725,
	64831,
	63160,
	67608,
	64702,
	62169,
	66638,
	71399,
	66701,
	68225,
	62608,
	62748,
	69884,
	63324,
	63269,
	64558,
	68451,
	62675,
	67819,
	62846,
	68265,
	66303,
	67038,
	69193,
	63793,
	66694,
	63631,
	65251,
	66401,
	63458,
	62737,
	63858,
	62217,
	63431,
	63311,
	64954,
	66172,
	66501,
	66587,
	67650,
	68956,
	65330,
	65412,
	64056,
	61809,
	67926,
	67186,
	66786,
	66510,
	67854,
	70158,
	67008,
	61559,
	65844,
	64716,
	64966,
	63079,
	63358,
	64493,
	64587,
	68788,
	62288,
	66890,
	66313,
	61488,
	63443,
	64913,
	62627,
	64825,
	65404,
	65361,
	62320,
	63682,
	64826,
	65964,
	64050,
	64277,
	65377,
	62294,
	65479,
	63517,
	61314,
	64085,
	66079,
	63569,
	64399,
	66291,
	68911,
	63080,
	63082,
	61496,
	70649,
	66976,
	66191,
	61337,
	66220,
	66756,
	69131,
	61252,
	61523,
	64274,
	68294,
	68609,
	66103,
	61711,
	64336,
	62731,
	69990,
	67910,
	65348,
	65089,
	68469,
	64603,
	63871,
	61907,
	61320,
	64704,
	67282,
	69501,
	66551,
	70319,
	63413,
	65485,
	71060,
	67954,
	64172,
	62552,
	61566,
	63102,
	63533,
	66071,
	62758,
	68707,
	64076,
	62832,
	62699,
	62806,
	67377,
	68716,
	66369,
	64576,
	63802,
	63042,
	61561,
	68313,
	68063,
	65245,
	63083,
	64532,
	62392,
	68997,
	62760,
	62427,
	70334,
	64830,
	63809,
	63973,
	61004,
	64202,
	68256,
	67885,
	63936,
	61995,
	64205,
	61142,
	62934,
	66435,
	64414,
	63921,
	61692,
	69605,
	66877,
	64423,
	64989,
	61236,
	65204,
	62170,
	62603,
	70141,
	63362,
	63416,
	66678,
	67892,
	61066,
	68300,
	66751,
	65745,
	63879,
	71408,
	62452,
	63239,
	63618,
	67313,
	62691,
	68857,
	63229,
	64685,
	62489,
	61412,
	61887,
	67274,
	64839,
	63420,
	67690,
	69009,
	70928,
	62495,
	71422,
	66657,
	61246,
	68186,
	65748,
	65770,
	62901,
	67189,
	61309,
	64620,
	66779,
	64060,
	64734,
	67300,
	69803,
	64861,
	61666,
	63332,
	63348,
	61471,
	70380,
	64678,
	70270,
	65557,
	66856,
	61458,
	63205,
	64657,
	61160,
	65347,
	67364,
	62889,
	65483,
	63410,
	67202,
	63880,
	70358,
	66189,
	63640,
	65846,
	70722,
	63604,
	68874,
	61385,
	64322,
	64446,
	66963,
	69130,
	65656,
	67667,
	63337,
	65962,
	66939,
	67735,
	65655,
	68557,
	63775,
	62979,
	66273,
	63844,
	64250,
	68242,
	65858,
	67144,
	63331,
	65822,
	63512,
	70277,
	70061,
	63245,
	63634,
	61747,
	69199,
	67821,
	63059,
	67049,
	64417,
	65220,
	69426,
	64714,
	65855,
	71277,
	65597,
	63401,
	61852,
	62988,
	68954,
	65532,
	70035,
	65803,
	68162,
	63979,
	66368,
	67175,
	69653,
	63446,
	64712,
	66654,
	67318,
	65679,
	65778,
	63933,
	65053,
	64922,
	64705,
	64059,
	63542,
	61095,
	63319,
	64131,
	64161,
	68521,
	67056,
	65432,
	65165,
	65403,
	69598,
	64835,
	68732,
	65241,
	62376,
	61006,
	68348,
	62818,
	63306,
	68575,
	66451,
	70791,
	67677,
	61757,
	67838,
	62072,
	70386,
	66461,
	65749,
	62750,
	71162,
	64145,
	67100,
	61762,
	69361,
	65496,
	63477,
	65531,
	64382,
	63034,
	65692,
	64838,
	63779,
	63077,
	65030,
	71313,
	64125,
	64305,
	63110,
	62498,
	69219,
	62355,
	68005,
	69637,
	63663,
	70404,
	61507,
	64043,
	66612,
	64775,
	66028,
	64362,
	62829,
	66453,
	64596,
	65859,
	66086,
	70227,
	63061,
	64116,
	63383,
	68554,
	63719,
	71048,
	65681,
	67629,
	66193,
	69078,
	63250,
	69204,
	61871,
	66572,
	62196,
	63828,
	65140,
	67572,
	64320,
	68695,
	61411,
	65200,
	65874,
	67544,
	65635,
	64591,
	62304,
	70164,
	64452,
	63095,
	65904,
	61016,
	70010,
	66097,
	66970,
	66496,
	66184,
	71484,
	65816,
	64955,
	65343,
	62867,
	67212,
	67074,
	64743,
	64044,
	61990,
	65222,
	61070,
	62477,
	62024,
	62094,
	63474,
	69154,
	68084,
	64544,
	64158,
	65850,
	66613,
	65645,
	68209,
	70254,
	64311,
	63140,
	61143,
	69687,
	62119,
	61038,
	68293,
	63652,
	65714,
	64742,
	64827,
	66675,
	70529,
	63741,
	61709,
	63265,
	68094,
	67531,
	67989,
	67290,
	67825,
	63566,
	68298,
	62496,
	69065,
	69353,
	63244,
	66604,
	65138,
	68678,
	71435,
	66573,
	65595,
	63228,
	69792,
	66139,
	62911,
	63152,
	70994,
	66867,
	62091,
	65549,
	64577,
	67545,
	63507,
	67077,
	61888,
	64482,
	67409,
	68460,
	62781,
	67193,
	61192,
	67320,
	70331,
	63351,
	63684,
	65152,
	64985,
	63964,
	63212,
	66901,
	71064,
	65422,
	63815,
	65634,
	65547,
	67570,
	67376,
	67276,
	67472,
	64210,
	67558,
	65302,
	66381,
	68135,
	63457,
	67760,
	64919,
	66056,
	63247,
	64204,
	64976,
	70356,
	65566,
	69755,
	64227,
	70770,
	68785,
	62009,
	62749,
	61232,
	64967,
	65443,
	67122,
	65866,
	65865,
	66945,
	62199,
	64525,
	63022,
	64880,
	63235,
	64869,
	63636,
	64334,
	66967,
	64492,
	67644,
	67447,
	68551,
	63292,
	62733,
	66117,
	68775,
	69681,
	64906,
	63773,
	71407,
	62965,
	66092,
	62888,
	63442,
	66866,
	69680,
	62772,
	64041,
	62975,
	67497,
	65630,
	66445,
	69305,
	63015,
	65365,
	70813,
	67024,
	65149,
	65148,
	63231,
	62504,
	62866,
	67711,
	63637,
	67723,
	63693,
	63562,
	63647,
	70348,
	70326,
	69124,
	66176,
	61537,
	69529,
	65178,
	62093,
	65694,
	68528,
	61603,
	61450,
	70418,
	68592,
	62440,
	63204,
	66109,
	68429,
	63375,
	67920,
	66902,
	64127,
	63178,
	68254,
	69119,
	68014,
	69351,
	64402,
	66415,
	65010,
	66525,
	65733,
	68906,
	68628,
	62967,
	68232,
	68847,
	67552,
	64394,
	64679,
	61112,
	68174,
	66341,
	63687,
	65934,
	61881,
	68971,
	67023,
	66737,
	64769,
	63649,
	65792,
	70225,
	66671,
	63347,
	71391,
	67435,
	65310,
	69532,
	63126,
	69135,
	67047,
	66074,
	64862,
	68292,
	61284,
	69560,
	68365,
	61822,
	70542,
	68848,
	63577,
	62952,
	67962,
	64796,
	69833,
	64550,
	65730,
	66125,
	64169,
	64854,
	64804,
	63824,
	61862,
	64330,
	70910,
	61125,
	63625,
	61115,
	66081,
	65375,
	70259,
	62852,
	61552,
	64179,
	63357,
	64430,
	68494,
	62861,
	61778,
	67365,
	66623,
	62621,
	68761,
	70504,
	69458,
	64559,
	63980,
	67589,
	67342,
	65436,
	66096,
	62955,
	68146,
	62282,
	61235,
	61959,
	66293,
	63053,
	63240,
	62715,
	66521,
	68210,
	63609,
	64358,
	62442,
	63544,
	65842,
	63177,
	63584,
	69615,
	69136,
	63967,
	66075,
	63146,
	69373,
	67279,
	68539,
	62588,
	66347,
	66676,
	64858,
	68606,
	62788,
	67007,
	62642,
	63624,
	63975,
	69191,
	65652,
	65154,
	68289,
	70429,
	69635,
	62789,
	65077,
	64150,
	65864,
	66080,
	66421,
	71261,
	64713,
	67716,
	69816,
	62499,
	69332,
	68869,
	61129,
	69261,
	61600,
	69358,
	65516,
	63071,
	64590,
	64745,
	66670,
	68221,
	68936,
	68320,
	70343,
	62594,
	62045,
	68020,
	66199,
	66205,
	63923,
	65837,
	66270,
	62751,
	68756,
	64637,
	63711,
	65525,
	64075,
	67675,
	63223,
	63268,
	64258,
	65495,
	67719,
	66921,
	62824,
	63622,
	67160,
	66321,
	64338,
	62891,
	66348,
	63055,
	66619,
	68368,
	62956,
	65940,
	61808,
	64167,
	61195,
	65092,
	71385,
	64020,
	64086,
	68538,
	70662,
	61978,
	63676,
	65107,
	61951,
	69531,
	62587,
	64982,
	63473,
	63785,
	61485,
	65239,
	62850,
	64100,
	65395,
	63914,
	66456,
	70094,
	69729,
	62590,
	63761,
	61001,
	65621,
	69327,
	61150,
	64324,
	61746,
	64697,
	67272,
	67156,
	69178,
	66171,
	66362,
	66169,
	67929,
	64885,
	64790,
	61168,
	65836,
	64152,
	65511,
	65796,
	69212,
	64003,
	64006,
	67787,
	62004,
	66389,
	64494,
	61065,
	63863,
	64051,
	66532,
	65168,
	69055,
	68810,
	63349,
	66452,
	67135,
	61473,
	63318,
	63823,
	68215,
	63737,
	67430,
	65906,
	61720,
	65173,
	64627,
	61056,
	64787,
	63997,
	64916,
	67985,
	65291,
	63150,
	68423,
	64192,
	63423,
	65488,
	63986,
	66987,
	67499,
	70472,
	63598,
	67419,
	69829,
	67807,
	68946,
	70786,
	63346,
	62569,
	71455,
	66960,
	63116,
	64578,
	64821,
	61677,
	62526,
	67476,
	62770,
	66679,
	68212,
	64164,
	65900,
	67694,
	63011,
	63407,
	61584,
	64424,
	71306,
	67801,
	63535,
	63406,
	69500,
	63765,
	63902,
	64818,
	70959,
	61048,
	63475,
	63606,
	64260,
	67742,
	63139,
	64977,
	65311,
	63843,
	65689,
	64944,
	67886,
	66722,
	71204,
	66231,
	66858,
	61121,
	63020,
	63896,
	69971,
	62654,
	68207,
	66419,
	61733,
	64598,
	62635,
	64604,
	67147,
	66571,
	63233,
	65005,
	62893,
	71041,
	67356,
	65344,
	67461,
	63035,
	62858,
	64538,
	65429,
	66996,
	63389,
	61245,
	67354,
	66925,
	66674,
	65583,
	61396,
	64681,
	62890,
	66766,
	63743,
	64460,
	65362,
	69499,
	64160,
	66714,
	61462,
	68789,
	63101,
	62472,
	64276,
	66626,
	62619,
	63572,
	65492,
	63617,
	69921,
	64444,
	63252,
	66008,
	63073,
	63374,
	68910,
	65031,
	69556,
	62116,
	65985,
	67811,
	66226,
	62439,
	71360,
	66373,
	64853,
	68500,
	67420,
	66703,
	62027,
	65143,
	65197,
	61269,
	63069,
	63161,
	65604,
	65814,
	65574,
	63644,
	65363,
	64183,
	62876,
	61565,
	62886,
	66163,
	69416,
	66475,
	62581,
	67373,
	64387,
	69159,
	67053,
	62214,
	68635,
	66603,
	63543,
	66255,
	65746,
	67917,
	71342,
	61040,
	62114,
	63602,
	63658,
	63371,
	62666,
	63143,
	69182,
	63399,
	63236,
	64882,
	63085,
	68540,
	88391,
	76149,
	76433,
	72583,
	80946,
	75546,
	75867,
	80006,
	71510,
	74332,
	72965,
	78383,
	75672,
	78531,
	72087,
	78532,
	89974,
	76802,
	76914,
	73753,
	74809,
	94323,
	76176,
	84242,
	79541,
	79417,
	78505,
	78496,
	74429,
	80411,
	79667,
	77726,
	77756,
	76965,
	72621,
	74453,
	81771,
	85364,
	76373,
	76728,
	92536,
	78494,
	76649,
	73529,
	74098,
	75009,
	78174,
	76720,
	72275,
	89615,
	78828,
	71981,
	93227,
	78832,
	80239,
	76210,
	75851,
	88187,
	76272,
	77997,
	76285,
	99204,
	78108,
	76480,
	84597,
	80502,
	72939,
	80004,
	80307,
	85263,
	77566,
	79268,
	80696,
	71919,
	77329,
	78566,
	88392,
	94079,
	78216,
	72163,
	73913,
	74292,
	85266,
	76152,
	73313,
	85970,
	84278,
	81785,
	79248,
	74972,
	77189,
	80061,
	85336,
	73670,
	76321,
	73698,
	77265,
	74489,
	74868,
	83639,
	78127,
	87274,
	74751,
	76632,
	78240,
	73604,
	80469,
	75740,
	73053,
	76913,
	74032,
	80081,
	79437,
	73117,
	78485,
	72719,
	84784,
	71700,
	79592,
	91374,
	76227,
	95673,
	80007,
	84006,
	79999,
	76017,
	92999,
	77215,
	72985,
	78287,
	74116,
	75745,
	73305,
	75516,
	71783,
	75679,
	83879,
	88001,
	76387,
	78238,
	77473,
	74118,
	76856,
	79097,
	79440,
	77685,
	77564,
	77467,
	80747,
	75160,
	83605,
	80262,
	73942,
	81570,
	77667,
	74097,
	83474,
	77815,
	92655,
	98022,
	66636,
	63373,
	67363,
	62314,
	66016,
	64440,
	70642,
	64964,
	62914,
	64866,
	68720,
	64606,
	71118,
	63778,
	63460,
	65845,
	65205,
	64094,
	64803,
	65364,
	66202,
	68424,
	62759,
	68160,
	63547,
	64023,
	63286,
	68501,
	67705,
	62673,
	66190,
	63002,
	66848,
	62338,
	65503,
	64257,
	63839,
	67749,
	70304,
	62341,
	68331,
	64805,
	71382,
	62374,
	66261,
	68130,
	64465,
	66301,
	66214,
	64207,
	64390,
	69919,
	64366,
	63700,
	64654,
	66828,
	65303,
	67858,
	64719,
	65559,
	62226,
	63230,
	61380,
	68064,
	61404,
	64416,
	66225,
	64303,
	64273,
	66759,
	66466,
	70059,
	67197,
	67805,
	63911,
	69999,
	63183,
	71175,
	62700,
	63810,
	62297,
	69407,
	64280,
	66492,
	68676,
	63194,
	62414,
	66204,
	62755,
	62159,
	61968,
	61628,
	64220,
	69389,
	67330,
	69396,
	61222,
	64388,
	66640,
	65423,
	66855,
	61782,
	63957,
	69965,
	65218,
	63831,
	70163,
	62800,
	68669,
	67828,
	63889,
	64677,
	61046,
	65211,
	69802,
	63471,
	65099,
	65279,
	64851,
	67946,
	66247,
	64501,
	65411,
	68837,
	67010,
	64098,
	68442,
	65585,
	63180,
	66145,
	70416,
	64965,
	64427,
	67179,
	64573,
	69462,
	65240,
	62994,
	64226,
	70287,
	63411,
	62771,
	69217,
	69616,
	68227,
	64673,
	70693,
	64772,
	66469,
	69618,
	65125,
	63490,
	67896,
	67415,
	65947,
	64217,
	64472,
	65232,
	64068,
	64113,
	63188,
	63564,
	67125,
	62251,
	66034,
	65448,
	62524,
	65576,
	63488,
	67600,
	67977,
	61291,
	62799,
	67938,
	65718,
	62958,
	68385,
	65589,
	67519,
	67775,
	67755,
	63905,
	63915,
	66914,
	66594,
	66108,
	69233,
	64369,
	66575,
	70889,
	65654,
	67298,
	67444,
	69702,
	66838,
	68107,
	62614,
	62953,
	66804,
	63576,
	65562,
	61481,
	65440,
	65428,
	67359,
	64968,
	64516,
	67482,
	61892,
	68721,
	68271,
	64309,
	63981,
	66511,
	67730,
	65327,
	66531,
	64478,
	65405,
	62942,
	70527,
	63504,
	63304,
	62487,
	62722,
	63702,
	68228,
	67707,
	64645,
	61940,
	64792,
	61646,
	70184,
	64293,
	65919,
	64528,
	65917,
	67573,
	65898,
	66668,
	62993,
	64886,
	65659,
	65329,
	64980,
	64406,
	61186,
	64846,
	62189,
	66027,
	70023,
	63861,
	70072,
	65776,
	68783,
	70585,
	63671,
	69288,
	63586,
	66860,
	67543,
	64721,
	63193,
	64517,
	63859,
	69143,
	62023,
	61706,
	66351,
	67659,
	63030,
	66400,
	63285,
	68074,
	66302,
	64503,
	66576,
	67867,
	69258,
	62382,
	63361,
	69692,
	62724,
	63638,
	62503,
	62918,
	66221,
	70145,
	70493,
	71018,
	67052,
	63049,
	66324,
	69157,
	64361,
	64092,
	62405,
	64902,
	67361,
	64009,
	65459,
	68369,
	64892,
	66355,
	70252,
	62913,
	63299,
	69895,
	65342,
	63251,
	66012,
	63686,
	64135,
	63615,
	68273,
	63447,
	65668,
	63484,
	65192,
	61036,
	62215,
	67123,
	65769,
	63103,
	65993,
	64148,
	65890,
	64793,
	62198,
	69147,
	63470,
	63518,
	63456,
	71336,
	63744,
	63847,
	66374,
	65862,
	63246,
	68085,
	70562,
	63503,
	64962,
	61238,
	68076,
	63673,
	63545,
	68684,
	65948,
	65221,
	63210,
	61773,
	63818,
	62079,
	70192,
	66136,
	61952,
	65729,
	68828,
	66148,
	69955,
	63463,
	61044,
	63731,
	65819,
	71208,
	68230,
	66316,
	64872,
	66141,
	63608,
	64520,
	63834,
	65818,
	63580,
	65261,
	66755,
	63121,
	65700,
	66269,
	65591,
	63000,
	66333,
	63012,
	63107,
	68576,
	67168,
	67746,
	70181,
	66754,
	67975,
	63752,
	68352,
	61616,
	61167,
	63813,
	65843,
	67937,
	65313,
	66706,
	66794,
	67656,
	64326,
	64055,
	63181,
	67865,
	64225,
	65358,
	63381,
	63379,
	68008,
	71135,
	64061,
	61776,
	71372,
	69928,
	69832,
	65187,
	67979,
	69031,
	68866,
	68614,
	63794,
	62790,
	63514,
	64767,
	64580,
	66284,
	64588,
	68459,
	65887,
	63097,
	63237,
	64512,
	64007,
	65477,
	64747,
	64254,
	68412,
	66238,
	64940,
	65276,
	63511,
	66735,
	61850,
	65987,
	65120,
	62741,
	63799,
	61369,
	68040,
	65647,
	64740,
	71398,
	63279,
	66106,
	68888,
	62518,
	69767,
	66515,
	63271,
	67537,
	71019,
	65699,
	61719,
	70132,
	70369,
	64666,
	65946,
	68397,
	64165,
	62644,
	65340,
	65367,
	61185,
	62727,
	70238,
	61134,
	66879,
	62602,
	62250,
	64648,
	63884,
	66048,
	65789,
	68169,
	65454,
	67456,
	69151,
	62544,
	65275,
	62897,
	65385,
	61231,
	67218,
	68419,
	65561,
	65893,
	66063,
	64062,
	63118,
	62034,
	62611,
	66057,
	65121,
	64166,
	61383,
	65523,
	63478,
	68995,
	65725,
	62926,
	63289,
	65935,
	64359,
	65963,
	63730,
	64215,
	66760,
	64089,
	66932,
	66758,
	63043,
	68070,
	63023,
	64960,
	68346,
	68009,
	66144,
	61431,
	68122,
	68763,
	65434,
	65230,
	64401,
	68090,
	62706,
	63865,
	65551,
	61630,
	65164,
	63628,
	64431,
	63629,
	64471,
	63439,
	63267,
	69847,
	70298,
	61257,
	64863,
	66875,
	62820,
	65050,
	69392,
	67888,
	63254,
	71096,
	64316,
	65724,
	62284,
	63852,
	66156,
	65336,
	62916,
	63760,
	65233,
	62106,
	62809,
	68172,
	65175,
	64188,
	68782,
	69804,
	63307,
	64315,
	64616,
	66998,
	63955,
	68612,
	68754,
	63593,
	63782,
	61436,
	64484,
	64453,
	67741,
	62773,
	69255,
	63653,
	64129,
	70109,
	61120,
	70215,
	65750,
	65321,
	66602,
	63520,
	65451,
	67933,
	64717,
	63170,
	64312,
	61943,
	63947,
	69467,
	70294,
	68314,
	63829,
	66121,
	64438,
	65960,
	62705,
	61691,
	64344,
	67131,
	63919,
	62768,
	69323,
	64802,
	65061,
	66162,
	67428,
	62408,
	61737,
	63776,
	63089,
	64410,
	62929,
	64380,
	64457,
	66307,
	66416,
	65124,
	61825,
	64914,
	67323,
	64737,
	63801,
	62917,
	62959,
	65331,
	69279,
	66314,
	65095,
	66813,
	70974,
	61268,
	63784,
	64013,
	62623,
	67275,
	68672,
	71196,
	65908,
	64275,
	66286,
	64700,
	62657,
	66353,
	61987,
	70201,
	66229,
	67582,
	63350,
	68167,
	68321,
	64419,
	64365,
	63003,
	66717,
	65379,
	62111,
	70949,
	65042,
	64602,
	64811,
	63720,
	62053,
	64889,
	65494,
	65225,
	67583,
	64904,
	63536,
	62516,
	63900,
	63748,
	63767,
	63939,
	71483,
	64566,
	68986,
	64353,
	64074,
	65938,
	61342,
	62906,
	62260,
	65284,
	62903,
	64151,
	64385,
	66045,
	61097,
	65146,
	66884,
	67166,
	63024,
	67051,
	61381,
	62904,
	64595,
	66557,
	69849,
	68340,
	67132,
	69736,
	67523,
	64157,
	65605,
	68599,
	65212,
	64469,
	64407,
	70500,
	69911,
	64680,
	63554,
	64267,
	62659,
	70582,
	63483,
	63226,
	63689,
	69824,
	65199,
	62923,
	68336,
	62987,
	63826,
	63048,
	68195,
	65352,
	65980,
	63953,
	71167,
	63660,
	67104,
	71319,
	68920,
	63352,
	66605,
	71010,
	70621,
	66187,
	61017,
	62868,
	63937,
	64836,
	66715,
	61267,
	63238,
	63812,
	65732,
	69631,
	68045,
	61477,
	68793,
	66787,
	65740,
	68927,
	64690,
	63989,
	65794,
	61899,
	63718,
	64196,
	62565,
	62971,
	63113,
	65462,
	65753,
	65078,
	65097,
	71240,
	63232,
	64031,
	63196,
	66277,
	64278,
	65067,
	65194,
	67437,
	69733,
	63965,
	67631,
	62944,
	61794,
	70179,
	65390,
	70766,
	70716,
	64110,
	67375,
	65357,
	67859,
	66354,
	67721,
	62350,
	63685,
	66548,
	67455,
	69337,
	67124,
	67396,
	62879,
	70005,
	62017,
	64956,
	69683,
	68487,
	67374,
	68485,
	63578,
	65372,
	61077,
	70853,
	63266,
	68973,
	66552,
	63129,
	65610,
	63838,
	62370,
	69202,
	66091,
	64190,
	62022,
	62912,
	66625,
	64121,
	63726,
	64097,
	63769,
	63835,
	65295,
	67243,
	69367,
	67763,
	67262,
	65761,
	65112,
	66094,
	64570,
	67216,
	63885,
	63175,
	67905,
	65958,
	65889,
	64030,
	69333,
	62798,
	62947,
	66426,
	67037,
	65849,
	62428,
	64791,
	66429,
	62393,
	64233,
	67587,
	63816,
	63057,
	64115,
	66542,
	67551,
	62255,
	62180,
	63469,
	66535,
	64058,
	69805,
	65345,
	64995,
	65907,
	64375,
	64589,
	67349,
	64397,
	66357,
	67488,
	67893,
	66968,
	64239,
	62534,
	69947,
	62864,
	66160,
	67909,
	61815,
	61665,
	63388,
	71341,
	63559,
	66891,
	62764,
	67592,
	62343,
	66275,
	68240,
	67440,
	67894,
	62703,
	66455,
	68546,
	61956,
	64269,
	62762,
	67005,
	65697,
	65922,
	67407,
	67481,
	67541,
	64323,
	68156,
	63144,
	67093,
	61816,
	68974,
	70652,
	65243,
	62950,
	69582,
	62665,
	66770,
	64565,
	65684,
	65901,
	63806,
	66862,
	67554,
	68007,
	64118,
	64733,
	63154,
	67270,
	64046,
	64609,
	65489,
	62723,
	65456,
	69707,
	65338,
	61099,
	64038,
	67001,
	65285,
	68753,
	62774,
	61039,
	69633,
	65419,
	71219,
	62351,
	61215,
	67400,
	71024,
	62155,
	63441,
	66217,
	65957,
	62605,
	66664,
	67081,
	63908,
	65785,
	66608,
	66632,
	62939,
	69988,
	61648,
	64314,
	63820,
	67502,
	63355,
	65775,
	67813,
	65418,
	62245,
	61541,
	62941,
	69023,
	70161,
	63918,
	71164,
	65520,
	65069,
	64903,
	61075,
	62976,
	67259,
	69590,
	71404,
	65716,
	66363,
	67196,
	62095,
	64970,
	65883,
	65608,
	70581,
	67134,
	70491,
	62089,
	67066,
	64253,
	62877,
	66544,
	66055,
	70136,
	62823,
	64638,
	65049,
	63195,
	66709,
	66764,
	63893,
	64234,
	62951,
	70632,
	67230,
	69343,
	66964,
	69417,
	65012,
	64571,
	61113,
	66802,
	67240,
	61256,
	69604,
	61807,
	67927,
	66295,
	64768,
	64932,
	67706,
	66200,
	70897,
	63415,
	67459,
	63866,
	69471,
	63869,
	69326,
	68473,
	64695,
	61540,
	70203,
	65534,
	62669,
	67928,
	66924,
	67154,
	67484,
	69992,
	63733,
	65325,
	63916,
	67055,
	64561,
	65712,
	71445,
	63641,
	66859,
	69968,
	64644,
	68665,
	62677,
	62174,
	67140,
	61353,
	67075,
	69345,
	63789,
	63870,
	68940,
	69158,
	62641,
	67785,
	71222,
	65447,
	67347,
	68586,
	62732,
	61801,
	63970,
	67732,
	63365,
	63998,
	65703,
	68598,
	62328,
	64696,
	69274,
	66185,
	69334,
	70892,
	65355,
	66753,
	67923,
	68536,
	68096,
	63189,
	62289,
	64441,
	62500,
	63282,
	69381,
	63155,
	62756,
	63648,
	64820,
	68113,
	69372,
	66447,
	65797,
	71123,
	61323,
	68758,
	65017,
	67808,
	69171,
	64770,
	62940,
	63028,
	65664,
	67344,
	66329,
	67224,
	63145,
	68041,
	63655,
	61465,
	67687,
	66133,
	67733,
	62694,
	65924,
	61539,
	68479,
	67317,
	65644,
	68055,
	71289,
	63253,
	62018,
	61018,
	66448,
	64626,
	62591,
	70826,
	67362,
	63897,
	69409,
	65332,
	63382,
	66999,
	67978,
	62819,
	71498,
	61377,
	62777,
	62137,
	68317,
	65359,
	65936,
	65577,
	70535,
	62054,
	66746,
	62256,
	67887,
	65455,
	63924,
	71452,
	67206,
	61797,
	64477,
	63197,
	62878,
	65726,
	64758,
	65299,
	66850,
	65040,
	70900,
	65057,
	63614,
	61668,
	66793,
	68972,
	66287,
	65783,
	62839,
	68306,
	65639,
	66655,
	67465,
	69365,
	61553,
	65036,
	67692,
	64155,
	69443,
	62672,
	68095,
	67963,
	62600,
	62092,
	67035,
	69539,
	64533,
	69557,
	66563,
	68414,
	64715,
	68960,
	62986,
	70774,
	62200,
	62919,
	65032,
	63674,
	69316,
	63496,
	61925,
	64618,
	65772,
	62109,
	62228,
	68407,
	65560,
	63070,
	62905,
	64607,
	65955,
	64120,
	65568,
	63868,
	67063,
	63372,
	64491,
	65252,
	64237,
	66873,
	63635,
	66817,
	67803,
	65788,
	66003,
	68338,
	71119,
	64011,
	64072,
	61031,
	63949,
	66930,
	63114,
	62954,
	66336,
	66147,
	62269,
	64890,
	63363,
	66201,
	66290,
	66132,
	65396,
	66440,
	71070,
	67642,
	63186,
	61067,
	71282,
	67847,
	63340,
	65556,
	63435,
	62645,
	63391,
	62508,
	67912,
	64490,
	64350,
	62860,
	66210,
	64178,
	63934,
	61300,
	68425,
	65065,
	64915,
	65075,
	66899,
	68690,
	66782,
	62937,
	68049,
	66116,
	62105,
	68507,
	62701,
	63354,
	64256,
	65353,
	64364,
	64877,
	66099,
	65080,
	61058,
	68975,
	61158,
	65153,
	61400,
	65939,
	66254,
	67058,
	65596,
	64754,
	63453,
	66232,
	63894,
	64466,
	61835,
	64871,
	67413,
	64489,
	67704,
	63288,
	64806,
	62936,
	64313,
	64287,
	69360,
	63781,
	61224,
	67020,
	62528,
	66630,
	67335,
	62469,
	63165,
	62586,
	64534,
	64395,
	70728,
	62574,
	62838,
	64077,
	61935,
	67936,
	63123,
	66413,
	66039,
	63242,
	63495,
	67006,
	65612,
	68129,
	62875,
	66265,
	64306,
	63166,
	65711,
	63519,
	64641,
	68533,
	62872,
	62894,
	61407,
	63913,
	63047,
	61581,
	64035,
	62932,
	67856,
	66829,
	63072,
	70647,
	67115,
	61972,
	69001,
	63359,
	62032,
	70223,
	61074,
	64405,
	62121,
	64843,
	65088,
	61007,
	66740,
	69694,
	64467,
	65162,
	64374,
	64445,
	62643,
	61223,
	69927,
	68457,
	67329,
	66088,
	68829,
	66558,
	64141,
	62188,
	62345,
	68381,
	65548,
	64529,
	62527,
	63131,
	71359,
	68426,
	67654,
	65163,
	66512,
	67277,
	63136,
	62237,
	65439,
	65126,
	66411,
	68123,
	62946,
	71081,
	69586,
	70979,
	64332,
	65426,
	63330,
	62761,
	62856,
	66219,
	67170,
	69256,
	69978,
	66138,
	61916,
	65179,
	63360,
	66274,
	67167,
	69664,
	63335,
	71117,
	67533,
	70355,
	66021,
	66222,
	63261,
	61638,
	62254,
	64081,
	66923,
	66276,
	62719,
	65116,
	65706,
	68786,
	62426,
	67958,
	67308,
	65151,
	66058,
	70316,
	63643,
	66947,
	61421,
	66641,
	64486,
	64236,
	62963,
	67779,
	66700,
	62537,
	69857,
	68957,
	65616,
	62711,
	65629,
	71165,
	66514,
	64633,
	63770,
	64730,
	64201,
	66323,
	62826,
	70548,
	67050,
	65114,
	63393,
	66382,
	61979,
	63221,
	65416,
	68548,
	64321,
	65660,
	62949,
	63343,
	65393,
	70015,
	66485,
	62742,
	66491,
	69034,
	65371,
	64592,
	62149,
	63690,
	68667,
	70149,
	66600,
	65156,
	62739,
	62062,
	65450,
	63707,
	64652,
	69466,
	62882,
	63208,
	67094,
	64974,
	69997,
	68875,
	65762,
	66591,
	68884,
	63418,
	63754,
	62854,
	63620,
	65588,
	62532,
	61243,
	63006,
	68491,
	61730,
	61392,
	69865,
	67391,
	62692,
	69774,
	63356,
	63157,
	63882,
	68127,
	68983,
	67943,
	63709,
	68443,
	63575,
	61548,
	71197,
	65903,
	61273,
	61444,
	65951,
	69836,
	62909,
	62870,
	64766,
	68278,
	67015,
	65920,
	69876,
	61203,
	70214,
	61025,
	64039,
	66827,
	69602,
	70303,
	68518,
	70875,
	62990,
	62845,
	67829,
	66402,
	68376,
	68970,
	68800,
	66319,
	62390,
	66774,
	63472,
	65537,
	67841,
	64813,
	68856,
	69339,
	66375,
	71098,
	64142,
	63531,
	68932,
	65269,
	61621,
	63394,
	67879,
	61694,
	69306,
	69448,
	66912,
	61860,
	62633,
	68947,
	65926,
	62484,
	63272,
	68001,
	63120,
	70678,
	65316,
	62900,
	66648,
	69686,
	70779,
	67099,
	69079,
	69684,
	71287,
	66129,
	63027,
	66203,
	65198,
	65118,
	62779,
	63398,
	64442,
	65256,
	63878,
	63616,
	63084,
	67311,
	67145,
	65453,
	67232,
	69819,
	63255,
	61464,
	68229,
	67088,
	64391,
	68671,
	63491,
	62455,
	61010,
	61366,
	61295,
	67538,
	67424,
	62584,
	64541,
	70051,
	62096,
	68231,
	69082,
	68349,
	61954,
	64017,
	61285,
	64738,
	63004,
	65467,
	62961,
	70137,
	65474,
	65499,
	61650,
	66449,
	64876,
	70591,
	68244,
	63241,
	66040,
	65533,
	64857,
	67129,
	65169,
	63590,
	66371,
	68004,
	65884,
	71053,
	62808,
	62896,
	67345,
	65824,
	63665,
	63729,
	64272,
	67418,
	62662,
	63125,
	63546,
	62801,
	64522,
	67385,
	65538,
	65661,
	63112,
	61623,
	68977,
	65702,
	63940,
	64667,
	69506,
	65229,
	62056,
	62674,
	67238,
	67268,
	62910,
	68595,
	62104,
	62964,
	64283,
	63968,
	70487,
	62981,
	68075,
	69054,
	64568,
	62519,
	67309,
	65914,
	70195,
	66280,
	65841,
	63565,
	66025,
	68287,
	61434,
	62797,
	63666,
	64034,
	64022,
	66807,
	68303,
	66749,
	68618,
	70306,
	71448,
	65686,
	71900,
	78654,
	75510,
	98896,
	77610,
	74497,
	77223,
	72679,
	74749,
	85824,
	74833,
	74794,
	75879,
	77970,
	75884,
	99038,
	74370,
	76113,
	75354,
	90080,
	77169,
	77502,
	78280,
	80503,
	76970,
	81988,
	92750,
	74505,
	80400,
	81292,
	81709,
	85011,
	78197,
	72244,
	81309,
	74975,
	72559,
	73096,
	74635,
	72232,
	75304,
	73175,
	79431,
	76339,
	79181,
	74855,
	72204,
	72850,
	84305,
	85305,
	75734,
	79425,
	75586,
	75689,
	75922,
	78082,
	75203,
	75340,
	77495,
	80099,
	78775,
	86945,
	92757,
	83350,
	72905,
	87140,
	77227,
	74451,
	72993,
	74403,
	81906,
	78825,
	74170,
	72780,
	93638,
	77961,
	72114,
	79231,
	72779,
	84338,
	83152,
	73267,
	77238,
	73780,
	75272,
	74896,
	93962,
	76117,
	78479,
	84591,
	72571,
	75223,
	90260,
	76393,
	81661,
	82073,
	80351,
	86709,
	77677,
	71544,
	75316,
	78614,
	76178,
	77695,
	75958,
	72769,
	78591,
	84072,
	79924,
	89558,
	78457,
	84598,
	74188,
	76921,
	78354,
	75737,
	75190,
	74969,
	78063,
	77799,
	79316,
	72434,
	77985,
	76652,
	75943,
	88013,
	81259,
	74108,
	74204,
	74371,
	83900,
	74151,
	77155,
	78339,
	73512,
	76336,
	84842,
	75801,
	80329,
	84180,
	76385,
	90921,
	80177,
	78464,
	76519,
	84063,
	73969,
	85234,
	73407,
	75305,
	80543,
	74174,
	77516,
	72071,
	89578,
	80460,
	78758,
	73369,
	72345,
	74134,
	78096,
	75063,
	80076,
	76092,
	84969,
	74493,
	99190,
	80377,
	74612,
	71605,
	83258,
	75038,
	74782,
	75984,
	79160,
	77943,
	72612,
	74479,
	73618,
	85401,
	85239,
	84478,
	74249,
	79041,
	78370,
	82860,
	72806,
	81999,
	79287,
	75503,
	79328,
	73073,
	75476,
	80892,
	74590,
	77782,
	92429,
	79500,
	76192,
	80925,
	83137,
	84331,
	75535,
	79711,
	87014,
	80889,
	75051,
	75816,
	75936,
	73400,
	82190,
	76104,
	78274,
	78192,
	72038,
	78656,
	91343,
	77200,
	75428,
	85649,
	85447,
	77600,
	77211,
	90406,
	79709,
	75469,
	84770,
	78547,
	74120,
	73626,
	72942,
	76788,
	83746,
	72976,
	76328,
	74791,
	75651,
	79930,
	78917,
	72772,
	79172,
	77415,
	72626,
	72893,
	89845,
	80610,
	72954,
	73032,
	76900,
	75549,
	72799,
	73363,
	73822,
	78358,
	95482,
	95857,
	80582,
	71872,
	75514,
	81938,
	76243,
	74518,
	73727,
	72728,
	74177,
	73762,
	91992,
	77285,
	84185,
	82660,
	72426,
	72412,
	71646,
	80426,
	93959,
	84448,
	77723,
	75720,
	90752,
	73057,
	74574,
	75375,
	74443,
	75995,
	82339,
	81602,
	79633,
	85423,
	76891,
	86876,
	99314,
	79668,
	72179,
	83768,
	86301,
	80367,
	78143,
	74180,
	78293,
	81830,
	74984,
	87357,
	86260,
	84049,
	81757,
	73247,
	74899,
	84579,
	86292,
	82859,
	76005,
	75198,
	77760,
	81155,
	80056,
	73653,
	75435,
	78886,
	73082,
	83630,
	82063,
	81851,
	78924,
	79212,
	75490,
	78660,
	81725,
	73104,
	78173,
	78648,
	76388,
	73929,
	74627,
	74382,
	80710,
	73563,
	80837,
	79469,
	83106,
	73158,
	72861,
	78477,
	82984,
	98219,
	82050,
	79468,
	76676,
	78673,
	92631,
	77447,
	74410,
	80038,
	73370,
	88173,
	73288,
	75538,
	76224,
	74947,
	72685,
	73751,
	81237,
	73716,
	75323,
	84740,
	74460,
	81614,
	82226,
	89197,
	79411,
	77233,
	72096,
	65139,
	65701,
	66454,
	62873,
	64128,
	64723,
	62752,
	66507,
	62612,
	70631,
	62769,
	69663,
	70329,
	64200,
	66882,
	69711,
	61251,
	67089,
	63173,
	62960,
	67468,
	68087,
	65950,
	68558,
	64874,
	63627,
	63310,
	71004,
	61922,
	62293,
	62685,
	67013,
	61212,
	65457,
	66085,
	65209,
	66102,
	61763,
	65619,
	63207,
	64252,
	67397,
	66112,
	63211,
	67960,
	70465,
	64646,
	61704,
	64346,
	62118,
	64959,
	64162,
	61738,
	62531,
	64817,
	64468,
	61605,
	68764,
	65402,
	66458,
	67116,
	62509,
	64762,
	65592,
	94777,
	73925,
	80629,
	67585,
	64208,
	61102,
	65066,
	62197,
	67514,
	64709,
	65807,
	65787,
	66819,
	65265,
	71432,
	62869,
	62689,
	70160,
	61617,
	67072,
	66886,
	64668,
	65011,
	78883,
	65306,
	70009,
	68366,
	65539,
	68545,
	64425,
	64176,
	68535,
	67018,
	67974,
	69787,
	66257,
	70525,
	64383,
	61250,
	68580,
	65374,
	78168,
	68565,
	66283,
	67386,
	65280,
	68923,
	66926,
	64175,
	67112,
	66115,
	63130,
	65431,
	67521,
	74300,
	61410,
	62125,
	72519,
	79027,
	75980,
	78386,
	76799,
	79039,
	78279,
	77003,
	74499,
	77680,
	79353,
	71863,
	76009,
	73268,
	83548,
	76024,
	80086,
	82707,
	79361,
	74384,
	74998,
	82594,
	94265,
	91167,
	77194,
	73471,
	75191,
	78784,
	76894,
	74432,
	74976,
	75594,
	80896,
	94906,
	75477,
	75462,
	85760,
	77773,
	77047,
	75846,
	81832,
	71637,
	73037,
	77293,
	75662,
	76402,
	83012,
	74630,
	83924,
	74354,
	79387,
	81729,
	74584,
	75688,
	90218,
	72202,
	77018,
	77472,
	75537,
	86208,
	75308,
	85486,
	87125,
	88745,
	81805,
	84131,
	78956,
	73680,
	87943,
	79913,
	73786,
	79587,
	72586,
	75066,
	77880,
	95481,
	76444,
	78437,
	76086,
	73682,
	76651,
	78166,
	72159,
	72247,
	73843,
	72111,
	76359,
	94709,
	78137,
	75576,
	77394,
	76039,
	92292,
	75636,
	74929,
	80135,
	78212,
	72656,
	77899,
	75800,
	89979,
	73960,
	72721,
	80585,
	81704,
	85130,
	78686,
	77931,
	72747,
	75716,
	85519,
	73741,
	79383,
	73387,
	98472,
	90291,
	74344,
	76033,
	73768,
	74792,
	74821,
	72487,
	90303,
	77109,
	81620,
	72333,
	75583,
	81652,
	81251,
	74702,
	72217,
	80421,
	74561,
	72585,
	74692,
	74846,
	84793,
	77910,
	72982,
	75997,
	72781,
	81977,
	75556,
	78724,
	87047,
	77974,
	89218,
	77008,
	77477,
	73642,
	72110,
	80281,
	75252,
	74547,
	73366,
	94355,
	76724,
	77484,
	92135,
	76304,
	82478,
	78499,
	73817,
	77274,
	82766,
	87879,
	79748,
	75328,
	80070,
	94209,
	81542,
	73177,
	73836,
	71511,
	74154,
	72019,
	94282,
	74415,
	75863,
	75641,
	86278,
	82497,
	76583,
	73833,
	74057,
	78068,
	76999,
	81651,
	75811,
	89241,
	75146,
	77657,
	78849,
	83109,
	74810,
	84436,
	97999,
	81503,
	87696,
	78939,
	90409,
	78149,
	76303,
	79040,
	78094,
	74092,
	76221,
	76763,
	74231,
	78288,
	80309,
	82806,
	78449,
	75859,
	75990,
	77123,
	79532,
	73521,
	77583,
	77551,
	81820,
	73669,
	78865,
	77471,
	96971,
	72575,
	77584,
	80943,
	76277,
	81780,
	77698,
	75219,
	77129,
	79643,
	77198,
	88782,
	78810,
	79275,
	88765,
	71761,
	75513,
	81860,
	88513,
	91790,
	72076,
	79392,
	80374,
	81886,
	73231,
	79962,
	85828,
	76500,
	86186,
	77841,
	78517,
	73789,
	77602,
	78453,
	76133,
	86929,
	77474,
	83839,
	79084,
	83375,
	79307,
	87856,
	76859,
	99267,
	77684,
	72842,
	84662,
	73330,
	76608,
	97314,
	93668,
	77444,
	77820,
	77476,
	72598,
	75629,
	80141,
	79678,
	78498,
	75335,
	76259,
	77676,
	81220,
	88420,
	84450,
	81470,
	94264,
	74830,
	89427,
	77088,
	92495,
	92728,
	73360,
	74836,
	81302,
	74299,
	79985,
	81677,
	71878,
	83709,
	71778,
	77924,
	92025,
	91079,
	74296,
	76547,
	85178,
	77287,
	79241,
	76231,
	80516,
	73999,
	79056,
	85284,
	75011,
	73660,
	81568,
	80097,
	82553,
	78265,
	72775,
	79523,
	90012,
	81658,
	84602,
	74072,
	75703,
	79738,
	78251,
	72117,
	77995,
	76569,
	73848,
	84065,
	78076,
	75522,
	81407,
	71752,
	71840,
	82511,
	73125,
	80454,
	86412,
	92409,
	77148,
	73482,
	88293,
	72501,
	84050,
	74995,
	98321,
	76308,
	75520,
	77399,
	71846,
	80662,
	77962,
	93635,
	74739,
	79022,
	76078,
	74828,
	74795,
	83909,
	73129,
	96423,
	84980,
	77805,
	75357,
	84064,
	86743,
	80517,
	71750,
	94922,
	75575,
	73394,
	71922,
	73048,
	76229,
	87236,
	76645,
	87737,
	75938,
	76637,
	83252,
	89963,
	78721,
	99203,
	75178,
	72654,
	81989,
	85722,
	88228,
	71743,
	87593,
	77856,
	91284,
	89833,
	80764,
	77128,
	92440,
	76177,
	74192,
	71697,
	73014,
	80797,
	82918,
	86610,
	83297,
	72198,
	84191,
	82532,
	82912,
	79486,
	73775,
	72431,
	75939,
	81278,
	81062,
	77724,
	78406,
	76931,
	91869,
	84605,
	71528,
	72641,
	71565,
	89661,
	77933,
	75607,
	79320,
	80332,
	76425,
	77407,
	74044,
	73614,
	86734,
	73356,
	75787,
	77871,
	89113,
	73987,
	90820,
	86871,
	75400,
	81334,
	77757,
	90335,
	72546,
	77922,
	79594,
	94191,
	73463,
	83235,
	73312,
	81020,
	76155,
	78967,
	76723,
	82381,
	76120,
	77103,
	76910,
	83216,
	73170,
	76274,
	77323,
	73228,
	72323,
	73799,
	75640,
	78253,
	76375,
	72464,
	74996,
	72611,
	90278,
	74884,
	75093,
	72870,
	77181,
	73218,
	71755,
	81733,
	83521,
	74937,
	83185,
	76543,
	83730,
	89851,
	76886,
	75313,
	74573,
	76028,
	82363,
	75978,
	73375,
	77182,
	80488,
	83857,
	86411,
	87093,
	79528,
	74797,
	94064,
	99692,
	74716,
	80509,
	75639,
	80861,
	78900,
	77691,
	71627,
	81476,
	74202,
	83692,
	74274,
	72295,
	77690,
	78039,
	75573,
	72720,
	76737,
	74988,
	78583,
	77049,
	76127,
	73013,
	78261,
	74284,
	83991,
	91823,
	76012,
	75876,
	77378,
	77999,
	80448,
	76456,
	76097,
	79939,
	74924,
	71718,
	86521,
	76508,
	85442,
	83500,
	78345,
	73323,
	76874,
	95025,
	72895,
	77308,
	75647,
	73188,
	87197,
	85639,
	73018,
	79165,
	79244,
	80616,
	75581,
	79272,
	75201,
	85385,
	80283,
	92350,
	73121,
	97867,
	73368,
	84549,
	74892,
	97966,
	76596,
	90285,
	88694,
	74931,
	78158,
	74569,
	77466,
	82919,
	76100,
	83101,
	92473,
	92417,
	72529,
	77429,
	85301,
	88915,
	74522,
	84203,
	72745,
	71723,
	86731,
	76396,
	79080,
	77514,
	71590,
	78901,
	75630,
	76142,
	80227,
	78059,
	80805,
	88026,
	73445,
	79944,
	80798,
	77536,
	89634,
	94353,
	83696,
	91553,
	91613,
	77498,
	75837,
	74603,
	78765,
	97370,
	74080,
	82905,
	84104,
	77589,
	72593,
	72762,
	90050,
	80905,
	81024,
	80754,
	86425,
	77203,
	73340,
	71767,
	87780,
	78181,
	77613,
	76655,
	77506,
	75840,
	76746,
	80693,
	72615,
	72072,
	84765,
	94421,
	78632,
	92912,
	76244,
	82003,
	72281,
	78176,
	76653,
	80505,
	84755,
	79284,
	73707,
	71620,
	81765,
	74920,
	75034,
	75171,
	77041,
	84318,
	77914,
	72733,
	76665,
	81883,
	78309,
	77898,
	75517,
	75185,
	78889,
	76726,
	78753,
	74438,
	75085,
	79068,
	75799,
	75333,
	92790,
	81300,
	74477,
	80650,
	73349,
	83364,
	78268,
	80642,
	77771,
	78515,
	75711,
	75374,
	76031,
	83407,
	78539,
	98655,
	90720,
	79130,
	80295,
	86479,
	78864,
	74436,
	78103,
	76674,
	92926,
	78394,
	79444,
	76470,
	81504,
	73303,
	79775,
	75870,
	72726,
	75561,
	78764,
	85779,
	78826,
	73353,
	78966,
	75872,
	73282,
	76789,
	76687,
	80147,
	72288,
	92411,
	79085,
	89482,
	75708,
	77881,
	75830,
	75249,
	81734,
	78374,
	86637,
	79381,
	77480,
	79935,
	77967,
	72084,
	77395,
	80249,
	71670,
	77173,
	77652,
	81718,
	80222,
	86027,
	72881,
	72578,
	75502,
	71717,
	76849,
	78930,
	79925,
	79015,
	76830,
	78623,
	74841,
	72154,
	75461,
	89607,
	73717,
	74856,
	83615,
	72802,
	74905,
	85406,
	79300,
	79662,
	81483,
	77780,
	87928,
	72645,
	92207,
	89986,
	76409,
	82752,
	75325,
	72375,
	75825,
	95182,
	75793,
	82124,
	78318,
	76479,
	72648,
	76119,
	84311,
	74464,
	72581,
	75351,
	80755,
	88511,
	75883,
	92332,
	77941,
	77555,
	87316,
	72233,
	76351,
	79401,
	81205,
	74982,
	89516,
	77744,
	82030,
	75135,
	75447,
	75812,
	84141,
	91747,
	82053,
	85350,
	80265,
	74353,
	79676,
	71635,
	75631,
	76964,
	76786,
	73397,
	76464,
	77267,
	72506,
	78659,
	83322,
	79834,
	78385,
	77873,
	83565,
	76866,
	71552,
	76087,
	75663,
	72441,
	76899,
	72885,
	80113,
	75888,
	76806,
	98866,
	74411,
	77273,
	72550,
	71539,
	88510,
	77251,
	77658,
	78144,
	74199,
	87623,
	85257,
	85200,
	75149,
	87793,
	80705,
	74196,
	86872,
	87517,
	92943,
	82871,
	81916,
	74758,
	83769,
	71884,
	84745,
	75409,
	84039,
	71537,
	74025,
	85414,
	96183,
	84350,
	80691,
	79245,
	71852,
	89096,
	99607,
	73259,
	73795,
	75554,
	74887,
	97263,
	85267,
	80066,
	72739,
	78779,
	79292,
	77432,
	71618,
	81147,
	74171,
	75487,
	84559,
	78620,
	76203,
	75743,
	73654,
	74916,
	88989,
	76137,
	76287,
	71975,
	73234,
	88411,
	78310,
	76745,
	79397,
	97239,
	79626,
	77950,
	78504,
	86864,
	73719,
	87884,
	94656,
	74685,
	80500,
	79290,
	77076,
	79163,
	79779,
	83005,
	79011,
	89725,
	77777,
	79159,
	73621,
	84812,
	76703,
	77915,
	93169,
	76118,
	83637,
	72450,
	81288,
	79347,
	83481,
	75690,
	73890,
	80167,
	80661,
	75266,
	77857,
	91744,
	94875,
	86111,
	91783,
	80520,
	72286,
	77020,
	71966,
	83326,
	74210,
	88426,
	80825,
	77626,
	76785,
	75427,
	78999,
	75584,
	73229,
	71695,
	76174,
	79590,
	85086,
	86954,
	93868,
	77277,
	78021,
	76395,
	88773,
	81576,
	98501,
	72042,
	76426,
	82663,
	76956,
	76382,
	76600,
	80544,
	73070,
	80353,
	78036,
	76386,
	74876,
	75828,
	77888,
	83762,
	88227,
	81241,
	71771,
	73809,
	72937,
	83863,
	81142,
	75248,
	83303,
	74023,
	93070,
	92522,
	73107,
	72103,
	81890,
	77947,
	75269,
	83450,
	76106,
	89528,
	92916,
	82117,
	88197,
	79096,
	90812,
	92568,
	78060,
	72082,
	87916,
	91935,
	81455,
	79644,
	73679,
	92649,
	71736,
	77835,
	78926,
	78468,
	76003,
	86905,
	75453,
	72471,
	73676,
	74251,
	76595,
	79029,
	76952,
	71996,
	80111,
	80405,
	75472,
	92136,
	73573,
	78359,
	81755,
	76787,
	78225,
	73088,
	87122,
	85093,
	72703,
	83197,
	76080,
	97073,
	75515,
	92551,
	79254,
	72133,
	84476,
	75213,
	79128,
	76671,
	72157,
	86613,
	77535,
	77642,
	75022,
	78859,
	75321,
	75399,
	71524,
	85211,
	76530,
	75528,
	78715,
	79255,
	73513,
	74286,
	75856,
	74642,
	75609,
	77953,
	81694,
	74277,
	82334,
	74831,
	81528,
	86243,
	84904,
	75159,
	99078,
	73544,
	75557,
	77656,
	92454,
	87914,
	73581,
	74523,
	82737,
	77944,
	75442,
	80966,
	95504,
	73668,
	77832,
	82343,
	83156,
	73346,
	78023,
	81779,
	77905,
	78379,
	76888,
	83984,
	83620,
	75700,
	73620,
	92124,
	78713,
	80689,
	72527,
	76311,
	77457,
	78519,
	77971,
	87534,
	86452,
	79210,
	77063,
	77416,
	81165,
	85329,
	82931,
	86671,
	77918,
	78862,
	86489,
	77696,
	78664,
	80200,
	76407,
	89668,
	77248,
	88894,
	73501,
	71957,
	71790,
	76156,
	78371,
	72752,
	74447,
	77575,
	74431,
	78333,
	78140,
	82461,
	83439,
	92868,
	75368,
	71802,
	75616,
	83728,
	75394,
	76332,
	76501,
	74186,
	79242,
	75862,
	79054,
	78237,
	75665,
	75164,
	82708,
	78315,
	72137,
	88691,
	74870,
	75966,
	78839,
	80114,
	78681,
	88615,
	76209,
	80633,
	95866,
	78781,
	75908,
	82627,
	74934,
	79055,
	77983,
	80524,
	73860,
	79577,
	85361,
	77727,
	75003,
	75589,
	80154,
	77996,
	81688,
	80082,
	81795,
	84609,
	74724,
	92979,
	88201,
	86974,
	74205,
	75929,
	71886,
	73393,
	76007,
	84155,
	78116,
	94123,
	75749,
	72859,
	72370,
	72877,
	76200,
	78808,
	79475,
	73062,
	75329,
	76681,
	81593,
	78111,
	78412,
	81545,
	80574,
	72631,
	83022,
	78014,
	75600,
	77754,
	76792,
	84085,
	78748,
	76423,
	74645,
	82171,
	78031,
	75767,
	75905,
	79270,
	73481,
	76262,
	79790,
	72838,
	75753,
	79550,
	84145,
	77453,
	81931,
	75940,
	73270,
	80133,
	73656,
	89732,
	72227,
	78150,
	79777,
	75759,
	76053,
	82613,
	95259,
	71517,
	78558,
	74341,
	92169,
	83315,
	73466,
	79958,
	81434,
	97153,
	83096,
	76876,
	72687,
	80278,
	74705,
	75942,
	81459,
	75790,
	76435,
	75431,
	77736,
	97466,
	81417,
	76264,
	84484,
	77649,
	98118,
	83425,
	78487,
	83742,
	89819,
	72452,
	95937,
	83219,
	83590,
	78888,
	73179,
	73543,
	93626,
	74215,
	74665,
	76198,
	74137,
	75944,
	75072,
	80391,
	81096,
	74530,
	72455,
	78981,
	93766,
	72763,
	74755,
	73480,
	90377,
	77540,
	84948,
	85729,
	81791,
	79634,
	76667,
	78254,
	78102,
	78847,
	76128,
	71816,
	75498,
	83987,
	71538,
	75169,
	95056,
	78049,
	85199,
	85265,
	80280,
	82277,
	78540,
	77019,
	78975,
	92445,
	77141,
	75454,
	80731,
	71702,
	72994,
	80576,
	82764,
	77146,
	71865,
	75605,
	78034,
	83897,
	75820,
	79893,
	99505,
	77560,
	86699,
	76568,
	79010,
	86499,
	74094,
	76443,
	78185,
	87182,
	72079,
	72310,
	83748,
	85232,
	83192,
	72554,
	85769,
	78153,
	81653,
	73479,
	79443,
	77296,
	72811,
	72185,
	86524,
	81514,
	76585,
	77306,
	92852,
	77923,
	81164,
	72383,
	82965,
	72475,
	74562,
	71602,
	89640,
	74307,
	76957,
	79018,
	77603,
	76873,
	78909,
	76988,
	73031,
	76915,
	86881,
	78297,
	74575,
	75735,
	74305,
	83429,
	81472,
	77517,
	80751,
	88800,
	78857,
	83142,
	81526,
	83334,
	76081,
	85065,
	78117,
	82065,
	73000,
	79330,
	84960,
	83381,
	79145,
	74119,
	74081,
	76038,
	72852,
	73063,
	79116,
	76213,
	94497,
	76695,
	78988,
	82646,
	77035,
	72778,
	76284,
	88375,
	72472,
	82744,
	77400,
	78852,
	76936,
	99209,
	83276,
	77864,
	80560,
	83314,
	77319,
	79261,
	81657,
	79719,
	73706,
	72607,
	75492,
	73674,
	88219,
	72448,
	72547,
	77842,
	79497,
	78001,
	86310,
	72390,
	79896,
	73703,
	82232,
	74941,
	74930,
	82467,
	99826,
	80184,
	94184,
	82372,
	78389,
	87141,
	76353,
	78797,
	78042,
	79083,
	77661,
	76074,
	79405,
	76076,
	75112,
	79964,
	86635,
	81452,
	77134,
	79266,
	76658,
	82388,
	76121,
	77404,
	76978,
	77202,
	82299,
	78941,
	76008,
	75842,
	36152,
	32256,
	53225,
	36817,
	33984,
	25922,
	47521,
	45587,
	11187,
	19868,
	37934,
	35718,
	46166,
	39431,
	34029,
	34683,
	35819,
	51330,
	46393,
	49090,
	19746,
	29607,
	28493,
	40386,
	52803,
	15425,
	32316,
	13979,
	48960,
	37636,
	27235,
	14919,
	13479,
	12361,
	16159,
	16977,
	23377,
	40312,
	29380,
	59564,
	37593,
	39318,
	59160,
	16241,
	43842,
	39820,
	18423,
	44278,
	24584,
	18925,
	26686,
	32298,
	28100,
	19993,
	21964,
	37775,
	56041,
	59367,
	22372,
	53655,
	20767,
	53411,
	24188,
	40895,
	36845,
	45380,
	47256,
	31611,
	11681,
	27290,
	18062,
	19973,
	25757,
	23909,
	23995,
	51673,
	37358,
	34289,
	19589,
	12979,
	38692,
	48457,
	17406,
	40705,
	54484,
	47094,
	10843,
	21199,
	31767,
	22140,
	33026,
	39125,
	25696,
	18767,
	52484,
	11255,
	14764,
	10318,
	38296,
	56192,
	44241,
	54776,
	36111,
	58405,
	54403,
	28653,
	47802,
	44682,
	46507,
	21071,
	58026,
	56230,
	38988,
	20375,
	53216,
	51768,
	41654,
	13707,
	27884,
	51895,
	38730,
	38737,
	17788,
	16176,
	17374,
	33484,
	35329,
	12394,
	37657,
	36795,
	48866,
	22546,
	26161,
	31022,
	59874,
	51661,
	42190,
	28473,
	45240,
	35800,
	22379,
	31971,
	30582,
	39492,
	36569,
	26546,
	15388,
	57525,
	25963,
	33488,
	54276,
	15142,
	40640,
	58454,
	22006,
	43393,
	25853,
	48925,
	39119,
	41646,
	41065,
	33387,
	25325,
	41237,
	29740,
	42162,
	53758,
	37055,
	45230,
	55318,
	44724,
	52830,
	59548,
	13230,
	24416,
	47670,
	49612,
	28131,
	58922,
	20301,
	49079,
	37290,
	10524,
	18055,
	54726,
	14670,
	52863,
	46897,
	59378,
	18240,
	45351,
	19703,
	38409,
	34346,
	16574,
	59526,
	16953,
	55930,
	39288,
	19989,
	20571,
	24816,
	11383,
	22878,
	44971,
	52621,
	37576,
	45201,
	45731,
	33437,
	31755,
	46069,
	37927,
	17953,
	20462,
	19790,
	22212,
	25615,
	23267,
	55889,
	11565,
	12705,
	20210,
	59133,
	15159,
	45181,
	30608,
	17622,
	41306,
	47558,
	40616,
	33886,
	36169,
	46640,
	14353,
	17692,
	21349,
	47879,
	25477,
	31709,
	31893,
	49093,
	13474,
	28930,
	23758,
	54842,
	34414,
	13368,
	19194,
	15618,
	58259,
	11310,
	24663,
	23888,
	21018,
	12952,
	37211,
	18412,
	32319,
	33891,
	51397,
	16714,
	46688,
	15628,
	56603,
	25020,
	36595,
	37949,
	19797,
	13492,
	42255,
	35639,
	57130,
	29525,
	38132,
	17212,
	13654,
	56850,
	51277,
	21287,
	54535,
	33482,
	42084,
	28537,
	21596,
	18970,
	35428,
	18272,
	15111,
	18016,
	12123,
	54761,
	22354,
	59298,
	44067,
	18326,
	13203,
	17332,
	38710,
	41370,
	21454,
	14146,
	20005,
	29280,
	30439,
	42154,
	25669,
	54470,
	24910,
	52381,
	32120,
	26648,
	27918,
	11070,
	50333,
	53704,
	59672,
	17178,
	49202,
	21325,
	45538,
	10454,
	29812,
	55776,
	55246,
	26994,
	40861,
	36357,
	51547,
	56971,
	45331,
	53525,
	12435,
	11206,
	15491,
	55230,
	58300,
	59182,
	44033,
	54063,
	13934,
	36321,
	38928,
	52755,
	21475,
	29618,
	12593,
	26767,
	17951,
	42115,
	44959,
	21366,
	50742,
	58973,
	26352,
	43959,
	19096,
	45216,
	14855,
	35676,
	53307,
	51003,
	46562,
	54376,
	17024,
	53671,
	23650,
	29560,
	24487,
	32255,
	35025,
	58536,
	42015,
	53888,
	22959,
	22099,
	51737,
	33081,
	51924,
	32058,
	35162,
	50085,
	12166,
	18741,
	39410,
	35709,
	46313,
	48186,
	20024,
	49357,
	47951,
	24462,
	45108,
	19942,
	36328,
	17409,
	25080,
	24267,
	42974,
	22108,
	48073,
	27634,
	14440,
	13621,
	15685,
	46041,
	59524,
	13180,
	35232,
	48977,
	32831,
	23223,
	49774,
	41902,
	23337,
	25608,
	43985,
	41252,
	14918,
	49114,
	36072,
	14367,
	23004,
	56184,
	33857,
	16557,
	25683,
	43396,
	20277,
	24308,
	59095,
	58302,
	12048,
	43357,
	29825,
	24951,
	46970,
	46263,
	37356,
	20451,
	59293,
	59155,
	22297,
	55994,
	55053,
	15267,
	42599,
	45806,
	34536,
	13887,
	24478,
	50684,
	39911,
	22088,
	43322,
	41656,
	18088,
	31905,
	39092,
	13111,
	33013,
	14719,
	42227,
	16644,
	51794,
	25353,
	25737,
	46283,
	35812,
	21791,
	56273,
	48203,
	46958,
	14164,
	19147,
	20102,
	40455,
	28123,
	52494,
	31839,
	46940,
	13819,
	49790,
	20924,
	44092,
	34793,
	41871,
	52675,
	31719,
	36822,
	56092,
	28014,
	52895,
	50064,
	25533,
	52338,
	51021,
	44097,
	56646,
	51382,
	49881,
	50172,
	51630,
	36820,
	30592,
	53939,
	41083,
	26099,
	20046,
	25274,
	30978,
	11688,
	30869,
	49052,
	20794,
	73842,
	74433,
	71860,
	79722,
	88142,
	74964,
	78077,
	77334,
	74121,
	71561,
	78701,
	71799,
	83029,
	78272,
	95715,
	78112,
	81151,
	75789,
	77077,
	79923,
	99213,
	97785,
	79536,
	78299,
	75439,
	76060,
	71632,
	77937,
	80291,
	75158,
	75948,
	77964,
	82788,
	86608,
	77192,
	83059,
	75697,
	72447,
	78684,
	77132,
	87926,
	81951,
	74480,
	82081,
	78470,
	73667,
	98354,
	82168,
	79649,
	94701,
	82847,
	79584,
	74901,
	92743,
	96230,
	76861,
	94099,
	86717,
	92485,
	72511,
	71749,
	76822,
	75628,
	75209,
	78092,
	72698,
	72521,
	88207,
	81889,
	93923,
	76966,
	80886,
	80735,
	77175,
	78516,
	71705,
	72797,
	73585,
	76995,
	92786,
	78739,
	78552,
	80988,
	77722,
	82002,
	80209,
	73141,
	75441,
	78484,
	82095,
	94349,
	76018,
	81449,
	79419,
	73804,
	90590,
	81899,
	86692,
	72264,
	73008,
	79305,
	80269,
	84066,
	79455,
	76486,
	75684,
	81759,
	77117,
	72200,
	79566,
	78658,
	78834,
	91584,
	83763,
	72362,
	43390,
	31418,
	29115,
	41927,
	50809,
	39012,
	26567,
	58082,
	23772,
	17807,
	43097,
	28982,
	13055,
	21252,
	47582,
	15255,
	39600,
	33007,
	23718,
	27414,
	35056,
	45023,
	27877,
	47534,
	17271,
	21424,
	53458,
	14330,
	37960,
	14897,
	30401,
	42829,
	18667,
	56854,
	24891,
	56435,
	35298,
	31346,
	16686,
	31702,
	52011,
	58631,
	16469,
	41718,
	24062,
	20516,
	18747,
	20369,
	36303,
	19636,
	58287,
	29282,
	35780,
	32084,
	23387,
	16157,
	52238,
	44340,
	36757,
	20655,
	29210,
	25544,
	49485,
	12148,
	10261,
	13382,
	25223,
	31322,
	24511,
	52000,
	46711,
	40143,
	31452,
	39335,
	52711,
	31576,
	20731,
	20234,
	27209,
	59504,
	17980,
	36526,
	47285,
	15397,
	15450,
	24841,
	36041,
	35026,
	13599,
	34664,
	16665,
	51568,
	13117,
	39837,
	49364,
	18737,
	53905,
	57073,
	52160,
	19951,
	29187,
	13417,
	33850,
	49733,
	43671,
	49253,
	28837,
	56031,
	26545,
	34902,
	16228,
	41792,
	28649,
	51422,
	59994,
	19461,
	46789,
	21396,
	44261,
	39446,
	17221,
	57586,
	46195,
	19609,
	38922,
	18626,
	15064,
	50017,
	21880,
	36027,
	44942,
	39181,
	50461,
	42802,
	38621,
	27052,
	26069,
	23520,
	58940,
	34778,
	37559,
	36970,
	51975,
	41901,
	40398,
	28616,
	28536,
	15422,
	54215,
	18969,
	32149,
	40718,
	31751,
	51986,
	59506,
	21100,
	50558,
	36838,
	59305,
	53306,
	41366,
	57093,
	28066,
	36574,
	59030,
	28546,
	13788,
	39176,
	43292,
	53853,
	51077,
	58722,
	47484,
	25639,
	45088,
	13405,
	17955,
	36701,
	44550,
	52683,
	44842,
	46644,
	33108,
	51280,
	44419,
	45106,
	54790,
	48951,
	20799,
	59929,
	31932,
	41953,
	28382,
	54205,
	56576,
	24432,
	20243,
	33751,
	12512,
	35773,
	24194,
	45280,
	47357,
	45604,
	14415,
	56693,
	44190,
	39189,
	12176,
	17846,
	38472,
	31862,
	54157,
	30599,
	37474,
	27530,
	36966,
	57007,
	18077,
	56181,
	26729,
	29270,
	47929,
	27667,
	15038,
	25966,
	18255,
	47752,
	39892,
	38470,
	16928,
	22232,
	15220,
	35225,
	40716,
	42448,
	13566,
	32772,
	42582,
	22724,
	47730,
	12387,
	55731,
	53373,
	54258,
	26569,
	23527,
	32366,
	26309,
	43626,
	47657,
	43483,
	44431,
	49515,
	52199,
	13044,
	31549,
	28809,
	43104,
	57576,
	18672,
	50804,
	49270,
	29272,
	23396,
	16822,
	25613,
	13698,
	14901,
	47587,
	51849,
	32145,
	15627,
	12484,
	32942,
	39552,
	19687,
	12279,
	38870,
	51790,
	38300,
	47347,
	32535,
	38059,
	17989,
	29576,
	21719,
	53111,
	27242,
	18168,
	11326,
	33521,
	48964,
	48148,
	54434,
	45062,
	37971,
	53963,
	35071,
	32755,
	32331,
	31417,
	28295,
	17073,
	54927,
	52928,
	25341,
	14938,
	15785,
	10098,
	17576,
	48580,
	40277,
	17239,
	25707,
	42410,
	18851,
	11547,
	49633,
	12604,
	22087,
	25416,
	59703,
	52899,
	24191,
	26238,
	50490,
	17529,
	51933,
	32059,
	12365,
	14607,
	47081,
	17298,
	22759,
	54159,
	12633,
	34901,
	41578,
	29701,
	54154,
	57695,
	13043,
	32162,
	22796,
	49181,
	18465,
	57400,
	36308,
	24940,
	52187,
	20554,
	40245,
	55420,
	11092,
	15000,
	54894,
	10451,
	20290,
	56948,
	43804,
	59152,
	53731,
	49173,
	30161,
	27048,
	23045,
	53275,
	12063,
	13559,
	26466,
	10581,
	10018,
	37625,
	25229,
	25829,
	59724,
	36401,
	34301,
	52237,
	54577,
	51006,
	43644,
	29950,
	14781,
	33123,
	26857,
	34570,
	12787,
	20497,
	54062,
	16878,
	18291,
	54631,
	34939,
	44412,
	16467,
	25691,
	42714,
	30023,
	35793,
	47324,
	27282,
	18302,
	29912,
	12975,
	17717,
	26742,
	26451,
	37494,
	27224,
	54081,
	23626,
	36728,
	16661,
	32177,
	20601,
	23926,
	22792,
	15513,
	52158,
	29965,
	28839,
	21367,
	17019,
	49971,
	14042,
	39478,
	55323,
	17700,
	13899,
	37216,
	25185,
	57001,
	50559,
	20078,
	37165,
	23584,
	53520,
	25988,
	27233,
	44714,
	21386,
	15606,
	44231,
	39280,
	20500,
	36243,
	37824,
	16592,
	37523,
	42341,
	21250,
	49007,
	26695,
	17975,
	59897,
	52978,
	26170,
	23793,
	36456,
	21384,
	14908,
	20338,
	39406,
	37902,
	16053,
	51948,
	15467,
	41912,
	15073,
	18100,
	23363,
	15138,
	49106,
	59295,
	50096,
	47761,
	50795,
	13015,
	55135,
	35529,
	39111,
	16498,
	25076,
	28673,
	31259,
	17391,
	50088,
	23961,
	35073,
	52159,
	25055,
	52426,
	26814,
	33241,
	45445,
	45168,
	27795,
	55931,
	22545,
	29577,
	38672,
	22563,
	21750,
	29713,
	44334,
	37984,
	18041,
	21121,
	24460,
	52042,
	29160,
	20957,
	41761,
	49573,
	41238,
	51795,
	15177,
	20843,
	43444,
	18508,
	17067,
	13233,
	45488,
	34861,
	13882,
	32481,
	33851,
	17841,
	11719,
	20382,
	40644,
	24456,
	34615,
	35921,
	18967,
	56909,
	41555,
	45017,
	27310,
	31240,
	16713,
	19362,
	35245,
	51508,
	21920,
	24229,
	48799,
	49940,
	17133,
	37674,
	18374,
	41023,
	49896,
	55150,
	13168,
	31483,
	52037,
	37624,
	21310,
	58030,
	14873,
	10697,
	24802,
	12021,
	38290,
	27517,
	19588,
	20280,
	16542,
	36589,
	55183,
	44879,
	17449,
	38763,
	49847,
	58384,
	26285,
	13974,
	17474,
	34116,
	19912,
	43081,
	43772,
	50539,
	30749,
	32354,
	12572,
	19384,
	25550,
	35310,
	22841,
	40823,
	24215,
	12357,
	14869,
	13695,
	55719,
	33075,
	48522,
	49641,
	30607,
	34568,
	22378,
	42615,
	37647,
	40188,
	11858,
	19276,
	39581,
	35827,
	24658,
	18338,
	20469,
	43243,
	17228,
	50905,
	55144,
	11483,
	46192,
	42898,
	50185,
	18511,
	42640,
	35103,
	53874,
	26220,
	26005,
	49141,
	13208,
	57389,
	47460,
	32031,
	28024,
	22495,
	50757,
	14275,
	33193,
	18438,
	35415,
	41062,
	15498,
	19235,
	47098,
	18464,
	49113,
	36172,
	23190,
	27222,
	21686,
	18959,
	30947,
	50655,
	32292,
	56623,
	57092,
	18233,
	29742,
	45953,
	24439,
	18163,
	51578,
	58939,
	31495,
	28925,
	55802,
	29137,
	56745,
	26229,
	37420,
	29172,
	45843,
	46131,
	45579,
	51178,
	19652,
	44360,
	13573,
	20317,
	12687,
	34566,
	37273,
	54700,
	52360,
	55541,
	32164,
	36700,
	53254,
	56671,
	30452,
	13235,
	42596,
	57767,
	20088,
	18386,
	33773,
	52406,
	10527,
	42563,
	10175,
	13315,
	29880,
	42580,
	31896,
	17553,
	18753,
	48540,
	40001,
	26030,
	11846,
	44439,
	46943,
	38130,
	49806,
	36639,
	58393,
	42564,
	10829,
	56966,
	29175,
	24161,
	45560,
	11112,
	59949,
	30770,
	28920,
	37173,
	21879,
	43268,
	15201,
	26691,
	40119,
	12803,
	28045,
	36855,
	55934,
	42055,
	38886,
	30759,
	27725,
	43982,
	11583,
	30189,
	56454,
	58921,
	14208,
	32834,
	44751,
	23466,
	11778,
	52398,
	48433,
	36142,
	55310,
	50601,
	45717,
	31276,
	35390,
	18591,
	16664,
	41219,
	15157,
	25949,
	59867,
	17639,
	52402,
	36000,
	39439,
	19391,
	42213,
	40007,
	15339,
	13648,
	49818,
	34938,
	26115,
	16071,
	46986,
	56003,
	54114,
	40106,
	11492,
	21370,
	52686,
	30074,
	16738,
	23352,
	31406,
	10625,
	22017,
	52985,
	54669,
	30305,
	24918,
	36571,
	16177,
	50576,
	31462,
	30220,
	31848,
	17158,
	53028,
	39186,
	25502,
	32079,
	41750,
	45599,
	29166,
	47080,
	30786,
	38165,
	23299,
	56905,
	56121,
	57984,
	23120,
	17099,
	46815,
	23804,
	33294,
	24376,
	43253,
	25106,
	26192,
	55104,
	51450,
	29421,
	38790,
	29383,
	28990,
	13668,
	15447,
	19395,
	10284,
	32095,
	35713,
	39440,
	29633,
	31803,
	53900,
	33064,
	20625,
	32429,
	59065,
	42690,
	53962,
	15569,
	35931,
	53473,
	15550,
	54901,
	58326,
	46909,
	22826,
	29615,
	14799,
	27661,
	36228,
	24383,
	22876,
	54665,
	15119,
	56574,
	47656,
	20454,
	11335,
	55681,
	30008,
	53191,
	21564,
	47990,
	58358,
	57298,
	49055,
	38593,
	12766,
	29098,
	36746,
	21552,
	29105,
	12403,
	15094,
	22834,
	20109,
	46987,
	25161,
	48917,
	28542,
	20698,
	39086,
	17726,
	34869,
	33868,
	16133,
	21986,
	52846,
	56313,
	35763,
	13434,
	41309,
	51885,
	20690,
	55844,
	52827,
	59522,
	23659,
	11377,
	32997,
	25664,
	15236,
	23156,
	37172,
	49941,
	13179,
	15916,
	52258,
	12299,
	16403,
	18937,
	51026,
	53720,
	25413,
	59686,
	22613,
	59656,
	39117,
	27307,
	45757,
	34978,
	26321,
	15414,
	30945,
	40268,
	11219,
	46099,
	58783,
	11370,
	36818,
	11899,
	14159,
	24162,
	38963,
	10794,
	58232,
	38342,
	37517,
	42700,
	22689,
	45035,
	58248,
	45363,
	11401,
	17029,
	28815,
	43242,
	14191,
	27099,
	46325,
	32133,
	18463,
	23147,
	41803,
	11774,
	19924,
	59270,
	57530,
	15943,
	48150,
	23870,
	12198,
	20318,
	53730,
	20806,
	23553,
	32649,
	24360,
	38460,
	34069,
	31768,
	56829,
	38693,
	53224,
	27312,
	52630,
	43889,
	22543,
	21551,
	57734,
	11036,
	21232,
	16210,
	53261,
	30527,
	57072,
	33752,
	51915,
	56096,
	46391,
	55609,
	46030,
	37340,
	43619,
	32398,
	36873,
	58376,
	16129,
	53803,
	45105,
	53970,
	15448,
	15925,
	33979,
	23097,
	21231,
	16802,
	34238,
	11396,
	59351,
	38355,
	26976,
	38117,
	36275,
	58180,
	39131,
	32889,
	13183,
	19814,
	22594,
	17987,
	41747,
	30609,
	54231,
	47796,
	35594,
	51874,
	14207,
	45959,
	44349,
	48976,
	13039,
	20175,
	58664,
	59943,
	16930,
	47331,
	34260,
	57799,
	49517,
	13581,
	30543,
	55939,
	55423,
	22715,
	54859,
	58042,
	18300,
	40438,
	57475,
	11263,
	37464,
	49204,
	47203,
	31619,
	25760,
	39925,
	50022,
	56134,
	49505,
	29527,
	36998,
	10564,
	22056,
	48100,
	33671,
	10005,
	56885,
	15828,
	23816,
	40254,
	30862,
	47920,
	10656,
	53804,
	20258,
	56581,
	29321,
	33307,
	23126,
	53537,
	13873,
	23832,
	49460,
	16859,
	25584,
	18466,
	53257,
	19119,
	45239,
	50434,
	42504,
	50365,
	12732,
	39622,
	57495,
	56635,
	12620,
	22155,
	56026,
	59421,
	32980,
	13941,
	22683,
	21281,
	44641,
	33881,
	13571,
	37958,
	16529,
	59918,
	49293,
	12649,
	10676,
	44022,
	49231,
	47158,
	43249,
	33136,
	53039,
	32951,
	22732,
	28751,
	57871,
	20681,
	32853,
	49336,
	27746,
	28853,
	36704,
	53623,
	45507,
	52745,
	37030,
	45049,
	57715,
	59171,
	12054,
	29593,
	29055,
	43633,
	25880,
	51976,
	44559,
	41441,
	16789,
	56813,
	54167,
	13395,
	26338,
	52728,
	11127,
	57742,
	46591,
	58043,
	31959,
	17533,
	27370,
	31394,
	42360,
	18779,
	28685,
	43980,
	20312,
	13718,
	47811,
	11237,
	31601,
	29678,
	14706,
	11931,
	19959,
	57669,
	49986,
	42083,
	11331,
	45881,
	17350,
	14989,
	53895,
	14181,
	32436,
	52936,
	51173,
	15208,
	37214,
	41896,
	15492,
	13350,
	31365,
	55416,
	59612,
	28788,
	22906,
	45028,
	48835,
	43821,
	19824,
	57362,
	13692,
	18623,
	11346,
	25153,
	51748,
	46556,
	59797,
	30510,
	54628,
	59255,
	38286,
	37063,
	26573,
	41029,
	41520,
	37181,
	15902,
	17012,
	25557,
	31723,
	26540,
	23721,
	39665,
	59220,
	15024,
	57908,
	53324,
	27281,
	28636,
	23931,
	25540,
	43378,
	40544,
	29167,
	26226,
	16128,
	14202,
	13637,
	34769,
	14448,
	41287,
	46671,
	39198,
	32949,
	54274,
	42136,
	35757,
	12570,
	47569,
	24595,
	32287,
	26693,
	30740,
	56676,
	55859,
	11368,
	16345,
	13740,
	14059,
	31103,
	28149,
	17635,
	13373,
	21453,
	14703,
	41986,
	59195,
	27882,
	43761,
	25481,
	45543,
	57438,
	27378,
	17829,
	12223,
	51227,
	50398,
	40937,
	17126,
	36294,
	15374,
	20498,
	21777,
	38620,
	46978,
	19048,
	28360,
	41456,
	58463,
	53305,
	29589,
	54086,
	24975,
	14456,
	17169,
	44562,
	23459,
	29318,
	40528,
	21511,
	21194,
	18502,
	30046,
	40605,
	34791,
	48696,
	32927,
	22783,
	45558,
	34471,
	41017,
	50305,
	43443,
	47229,
	59201,
	28890,
	43117,
	45661,
	47479,
	14790,
	30968,
	22771,
	57998,
	10380,
	44921,
	52293,
	45135,
	59978,
	49819,
	24233,
	24301,
	41153,
	46096,
	26036,
	38561,
	48963,
	19269,
	14660,
	56241,
	52670,
	19765,
	25162,
	21050,
	23962,
	28041,
	39934,
	56584,
	26996,
	39473,
	47588,
	14843,
	43121,
	37731,
	43704,
	30168,
	51813,
	11724,
	13057,
	40273,
	18587,
	25673,
	50057,
	10849,
	46152,
	20495,
	20676,
	36337,
	23038,
	42282,
	15421,
	22800,
	27433,
	19656,
	54760,
	28587,
	13555,
	31761,
	24961,
	24126,
	37019,
	33077,
	25564,
	14852,
	56105,
	15340,
	35100,
	13394,
	38554,
	32056,
	32470,
	44856,
	16788,
	37106,
	14811,
	33264,
	17086,
	39432,
	27453,
	51052,
	44930,
	12682,
	28042,
	25676,
	48469,
	19181,
	26343,
	28430,
	57128,
	33463,
	57706,
	36197,
	21479,
	49051,
	10669,
	19219,
	32107,
	30962,
	29350,
	57902,
	10374,
	39334,
	20532,
	41652,
	37150,
	52591,
	58823,
	47923,
	39347,
	36109,
	28999,
	19568,
	35305,
	14900,
	36330,
	39841,
	30857,
	18393,
	55146,
	55624,
	54471,
	32634,
	42710,
	24647,
	36685,
	42353,
	54530,
	54494,
	11991,
	18906,
	41664,
	25095,
	45147,
	33138,
	17823,
	22709,
	56162,
	48559,
	18574,
	17231,
	33010,
	26474,
	16711,
	58100,
	34161,
	39826,
	15632,
	14217,
	49510,
	36518,
	59274,
	57221,
	14663,
	31554,
	24280,
	26961,
	10880,
	43043,
	58199,
	25101,
	47742,
	24208,
	52638,
	46414,
	39157,
	36556,
	47008,
	37915,
	36202,
	55581,
	41933,
	43681,
	20599,
	21860,
	30020,
	31205,
	12534,
	58161,
	56751,
	43281,
	49753,
	10691,
	13889,
	59969,
	42529,
	44500,
	13509,
	23280,
	34251,
	59083,
	16042,
	57368,
	51183,
	14226,
	15052,
	35194,
	35054,
	47273,
	37676,
	14909,
	36570,
	28439,
	28799,
	23412,
	27683,
	58320,
	17852,
	16540,
	15344,
	30398,
	57370,
	59468,
	56874,
	47061,
	24134,
	36058,
	33165,
	55286,
	18304,
	31249,
	13563,
	37229,
	23808,
	43743,
	36935,
	48360,
	19860,
	33546,
	46011,
	14099,
	24964,
	24942,
	20285,
	51572,
	22156,
	55919,
	26048,
	24345,
	49021,
	15804,
	32159,
	20853,
	44976,
	18141,
	26012,
	17424,
	34480,
	47829,
	25356,
	17999,
	12350,
	54955,
	40402,
	43516,
	58072,
	13463,
	41416,
	37857,
	14065,
	18266,
	20059,
	39287,
	52687,
	47406,
	15369,
	22763,
	59761,
	30756,
	11181,
	27324,
	55847,
	47641,
	46731,
	23411,
	20684,
	38150,
	59404,
	26602,
	20982,
	20916,
	47580,
	15704,
	25367,
	16056,
	42082,
	57440,
	42409,
	59939,
	28599,
	52414,
	53997,
	50308,
	32278,
	27580,
	32430,
	42900,
	49614,
	13597,
	31283,
	28852,
	51048,
	44198,
	57183,
	41226,
	12341,
	13708,
	52370,
	21670,
	55966,
	27670,
	30818,
	41230,
	24686,
	24401,
	56242,
	36048,
	59752,
	43593,
	19682,
	18576,
	38881,
	11769,
	47746,
	38411,
	55835,
	32897,
	11388,
	16218,
	18271,
	55607,
	43569,
	56430,
	43302,
	54020,
	59444,
	41152,
	29567,
	40349,
	11375,
	37051,
	51279,
	17209,
	29726,
	32910,
	48791,
	24696,
	22926,
	55601,
	30353,
	43572,
	23080,
	34792,
	25036,
	22037,
	38613,
	21748,
	23438,
	39448,
	11462,
	43700,
	32749,
	55265,
	13643,
	34867,
	27715,
	12298,
	16762,
	17279,
	55512,
	14465,
	45460,
	52862,
	26017,
	21176,
	50855,
	10544,
	23587,
	13874,
	38638,
	16666,
	12585,
	50318,
	38502,
	29106,
	26720,
	56154,
	20034,
	22290,
	24387,
	36084,
	36077,
	34910,
	43237,
	46388,
	22217,
	36739,
	36703,
	33365,
	46197,
	19292,
	13140,
	45314,
	43667,
	19549,
	11882,
	42279,
	48250,
	34643,
	50050,
	32326,
	25176,
	59743,
	45641,
	43193,
	51980,
	51769,
	54840,
	28057,
	37909,
	49942,
	23285,
	50491,
	54966,
	53697,
	19997,
	35106,
	41725,
	14560,
	36196,
	40115,
	45719,
	23055,
	59871,
	24509,
	16181,
	18826,
	36076,
	58726,
	40694,
	14199,
	42648,
	22822,
	39664,
	32307,
	19272,
	45052,
	49649,
	50965,
	52336,
	36420,
	10332,
	59932,
	20354,
	49645,
	35565,
	26907,
	40225,
	28533,
	37950,
	19056,
	26140,
	31392,
	55798,
	16104,
	38449,
	51621,
	12444,
	30918,
	34140,
	12265,
	28055,
	41172,
	59587,
	58202,
	18227,
	53647,
	51528,
	13012,
	55725,
	30788,
	46137,
	36947,
	51057,
	46065,
	40310,
	26336,
	44077,
	12168,
	55459,
	26782,
	19886,
	25850,
	38538,
	40101,
	16559,
	24120,
	18640,
	38671,
	28244,
	11373,
	48494,
	15560,
	49000,
	29058,
	45896,
	39592,
	49769,
	33577,
	16887,
	45790,
	35867,
	11864,
	15960,
	44103,
	21495,
	45100,
	59317,
	21815,
	46602,
	13969,
	16117,
	11305,
	26073,
	41756,
	31460,
	45246,
	50158,
	52073,
	52387,
	26258,
	41405,
	29968,
	14970,
	33859,
	18778,
	18789,
	14946,
	22352,
	55862,
	55039,
	23072,
	48095,
	22084,
	27039,
	54213,
	54273,
	36238,
	14696,
	26217,
	11251,
	22106,
	57267,
	37808,
	27003,
	37330,
	20584,
	10617,
	36140,
	55490,
	45879,
	30595,
	11345,
	25410,
	58430,
	45982,
	47181,
	24346,
	48684,
	37258,
	44692,
	55628,
	51873,
	27363,
	15061,
	29626,
	38043,
	13190,
	43024,
	33396,
	31174,
	30487,
	29645,
	34158,
	50287,
	10206,
	25523,
	43526,
	57966,
	56883,
	15310,
	26431,
	56851,
	16085,
	19945,
	15005,
	55163,
	14083,
	46628,
	22011,
	59390,
	34754,
	23499,
	17159,
	38909,
	58489,
	26176,
	47477,
	12785,
	32347,
	26728,
	49689,
	17819,
	49203,
	54534,
	50893,
	20392,
	44193,
	30833,
	32632,
	17337,
	17757,
	46770,
	20828,
	58778,
	23234,
	56349,
	56425,
	45672,
	10248,
	28765,
	41218,
	53316,
	31683,
	55568,
	52116,
	19576,
	32899,
	10716,
	58270,
	27750,
	34824,
	40266,
	13762,
	54704,
	39341,
	44286,
	24607,
	49016,
	53119,
	32736,
	26444,
	53078,
	30706,
	26123,
	33289,
	11881,
	11455,
	55954,
	41096,
	15131,
	55755,
	45208,
	38315,
	18601,
	30936,
	45794,
	28531,
	23727,
	11443,
	58971,
	19409,
	16217,
	39434,
	56834,
	56335,
	37504,
	49613,
	20939,
	52029,
	25710,
	20859,
	41980,
	33428,
	33397,
	11585,
	43412,
	38521,
	47155,
	57227,
	37488,
	38477,
	33880,
	23819,
	40399,
	25458,
	55237,
	47097,
	52818,
	11543,
	26895,
	57515,
	27429,
	17708,
	51321,
	56323,
	52096,
	11104,
	58648,
	45554,
	54194,
	18368,
	37904,
	17745,
	54798,
	11407,
	13962,
	52219,
	15740,
	13976,
	23112,
	47043,
	30707,
	43729,
	21730,
	54293,
	17258,
	44822,
	13751,
	17213,
	52307,
	52245,
	38981,
	18838,
	18478,
	31598,
	27298,
	18491,
	49063,
	19341,
	31550,
	28377,
	51643,
	55203,
	49049,
	38958,
	52792,
	15062,
	35879,
	12548,
	17739,
	20023,
	38039,
	53840,
	33497,
	11537,
	11349,
	11809,
	31307,
	13278,
	14177,
	28052,
	40308,
	27614,
	34422,
	38666,
	37466,
	30174,
	27989,
	50836,
	59530,
	46650,
	15286,
	38598,
	19197,
	33296,
	53382,
	51729,
	13657,
	14432,
	33869,
	55417,
	19209,
	51368,
	48174,
	13911,
	50979,
	41557,
	52392,
	21057,
	29170,
	29960,
	24016,
	41100,
	52105,
	16116,
	16851,
	33802,
	38891,
	34712,
	44335,
	54853,
	58549,
	31222,
	40968,
	32013,
	11097,
	40555,
	33890,
	54745,
	13738,
	29892,
	35021,
	25506,
	35935,
	15376,
	54858,
	26497,
	15768,
	19460,
	34652,
	58295,
	48435,
	21113,
	35526,
	36195,
	19628,
	29818,
	16103,
	19828,
	27365,
	35393,
	17060,
	28367,
	40344,
	20624,
	18047,
	44186,
	40182,
	51649,
	25387,
	43781,
	36716,
	28707,
	45000,
	36053,
	57305,
	51797,
	51653,
	10245,
	31957,
	25638,
	50566,
	16531,
	36916,
	29242,
	51133,
	25104,
	20714,
	38912,
	44249,
	27060,
	24506,
	25687,
	51336,
	19915,
	39051,
	27532,
	54791,
	58276,
	13546,
	53793,
	13933,
	31158,
	38289,
	37716,
	24788,
	12400,
	49189,
	45217,
	19479,
	50286,
	39215,
	36707,
	16892,
	57459,
	31003,
	33788,
	31833,
	27673,
	23896,
	17261,
	42783,
	39407,
	57024,
	23397,
	20898,
	25338,
	13535,
	13161,
	31897,
	23914,
	59702,
	33170,
	42889,
	12388,
	30468,
	17976,
	41148,
	23036,
	23378,
	22626,
	34906,
	56828,
	35001,
	17738,
	27155,
	14761,
	58657,
	28383,
	20099,
	30175,
	19822,
	31232,
	12984,
	20793,
	17054,
	37886,
	25562,
	55142,
	57075,
	21825,
	55190,
	30522,
	46316,
	40769,
	22333,
	39818,
	46139,
	46856,
	23910,
	18183,
	25372,
	22281,
	13906,
	46852,
	53378,
	25107,
	48885,
	46501,
	22018,
	12015,
	37543,
	51252,
	57374,
	39450,
	40831,
	27044,
	48563,
	17460,
	12461,
	31517,
	29819,
	24156,
	26351,
	48927,
	29578,
	26449,
	53077,
	20819,
	30273,
	58306,
	34424,
	16991,
	12801,
	32646,
	12264,
	51103,
	10513,
	11606,
	46949,
	15976,
	52828,
	10525,
	51570,
	27007,
	46599,
	53762,
	21981,
	45154,
	23839,
	19383,
	46579,
	15988,
	18782,
	29639,
	13840,
	19879,
	24535,
	28109,
	58851,
	11207,
	22429,
	12704,
	18533,
	26917,
	13514,
	18545,
	23639,
	35330,
	44884,
	19650,
	22904,
	43114,
	29498,
	58176,
	21701,
	53259,
	45526,
	37515,
	53147,
	43991,
	41162,
	35470,
	23100,
	17748,
	27227,
	43660,
	39977,
	11649,
	34456,
	11105,
	26323,
	51022,
	57718,
	57331,
	44533,
	51868,
	45275,
	23938,
	40920,
	51310,
	18942,
	33966,
	32841,
	55733,
	17457,
	49105,
	12941,
	24019,
	45310,
	36173,
	43539,
	44062,
	40201,
	29181,
	59033,
	57973,
	50874,
	36492,
	43098,
	54418,
	50841,
	59015,
	43833,
	29545,
	58923,
	54576,
	63790,
	62695,
	70842,
	62784,
	62168,
	69577,
	67071,
	67953,
	68286,
	67624,
	63384,
	68870,
	62287,
	67369,
	66211,
	64317,
	63548,
	62783,
	66861,
	73278,
	67530,
	61177,
	65326,
	65341,
	67506,
	66331,
	65981,
	62224,
	73358,
	63549,
	64945,
	62055,
	64434,
	62238,
	62780,
	63630,
	64335,
	66621,
	61045,
	64847,
	70732,
	63807,
	63206,
	74140,
	65180,
	62730,
	65826,
	66661,
	62309,
	64884,
	66244,
	69039,
	69544,
	68933,
	64184,
	62546,
	66468,
	70180,
	61824,
	71400,
	64824,
	64282,
	63436,
	68481,
	67505,
	69773,
	66561,
	65070,
	63315,
	64794,
	61041,
	69558,
	64834,
	65722,
	67806,
	70127,
	72406,
	64271,
	70073,
	74132,
	64331,
	74672,
	72496,
	61190,
	70501,
	66730,
	64875,
	70208,
	63283,
	64569,
	67604,
	64905,
	62380,
	73510,
	68235,
	66170,
	61583,
	62822,
	63174,
	64483,
	72442,
	72876,
	71797,
	70598,
	63122,
	65688,
	65081,
	67438,
	63489,
	74273,
	65106,
	64548,
	64408,
	73896,
	65085,
	61532,
	65973,
	66024,
	70753,
	62057,
	64347,
	74495,
	64012,
	66053,
	64660,
	68392,
	71014,
	67532,
	65150,
	63697,
	71284,
	68517,
	65141,
	68243,
	70683,
	65421,
	64174,
	64728,
	61225,
	64996,
	63219,
	70113,
	62538,
	65913,
	67453,
	64426,
	63942,
	65747,
	63434,
	67446,
	68542,
	67247,
	70668,
	73233,
	68418,
	61288,
	68662,
	72807,
	62738,
	65508,
	71520,
	70466,
	63353,
	62077,
	61965,
	65380,
	68093,
	71253,
	67966,
	73693,
	66992,
	60081,
	60111,
	60133,
	60191,
	61723,
	61011,
	62068,
	62634,
	62650,
	62229,
	61902,
	61740,
	62617,
	62403,
	61629,
	62506,
	62456,
	61595,
	62273,
	62598,
	62520,
	62388,
	61845,
	66796,
	62548,
	64997,
	77745,
	63985,
	68000
]